0	0
2000	1
4000	2
6000	3
8000	4
10000	5
12000	6
14000	7
16000	8
18000	9
20000	10
22000	11
24000	12
26000	13
28000	14
30000	15
32000	16
34000	17
36000	18
38000	19
40000	20
42000	21
44000	22
46000	23
48000	24
50000	25
52000	26
54000	27
56000	28
58000	29
60000	30
62000	31
64000	32
66000	33
68000	32
70000	31
72000	30
74000	29
76000	28
78000	27
80000	26
82000	25
84000	24
86000	23
88000	22
90000	21
92000	20
94000	19
96000	18
98000	17
100000	16
102000	15
104000	14
106000	13
108000	12
110000	11
112000	10
114000	9
116000	8
118000	7
120000	6
122000	5
124000	4
126000	3
128000	2
130000	1
132000	0
134000	-1
136000	-2
138000	-3
140000	-4
142000	-5
144000	-6
146000	-7
148000	-8
150000	-9
152000	-10
154000	-11
156000	-12
158000	-13
160000	-14
162000	-15
164000	-16
166000	-17
168000	-18
170000	-19
172000	-20
174000	-21
176000	-22
178000	-23
180000	-24
182000	-25
184000	-26
186000	-27
188000	-28
190000	-29
192000	-30
194000	-31
196000	-32
198000	-33
200000	-34
202000	-35
204000	-36
206000	-37
208000	-38
210000	-39
212000	-40
214000	-41
216000	-42
218000	-43
220000	-44
222000	-45
224000	-46
226000	-47
228000	-48
230000	-49
232000	-50
234000	-51
236000	-52
238000	-53
240000	-54
242000	-55
244000	-56
246000	-57
248000	-58
250000	-59
252000	-60
254000	-61
256000	-62
258000	-63
260000	-64
262000	-65
264000	-66
266000	-67
268000	-68
270000	-69
272000	-70
274000	-71
276000	-72
278000	-73
280000	-74
282000	-75
284000	-76
286000	-77
288000	-78
290000	-79
292000	-80
294000	-81
296000	-82
298000	-83
300000	-84
302000	-85
304000	-86
306000	-87
308000	-88
310000	-89
312000	-90
314000	-91
316000	-92
318000	-93
320000	-94
322000	-95
324000	-96
326000	-97
328000	-98
330000	-99
332000	-100
334000	-101
336000	-102
338000	-103
340000	-104
342000	-105
344000	-106
346000	-107
348000	-108
350000	-109
352000	-110
354000	-111
356000	-112
358000	-113
360000	-114
362000	-115
364000	-116
366000	-117
368000	-118
370000	-119
372000	-120
374000	-121
376000	-122
378000	-123
380000	-124
382000	-125
384000	-126
386000	-127
388000	-128
390000	-129
392000	-130
394000	-131
396000	-132
398000	-133
400000	-134
402000	-135
404000	-136
406000	-137
408000	-138
410000	-139
412000	-140
414000	-141
416000	-142
418000	-143
420000	-144
422000	-145
424000	-146
426000	-147
428000	-148
430000	-149
432000	-150
434000	-151
436000	-152
438000	-153
440000	-154
442000	-155
444000	-156
446000	-157
448000	-158
450000	-159
452000	-160
454000	-161
456000	-162
458000	-163
460000	-164
462000	-165
464000	-166
466000	-167
468000	-168
470000	-169
472000	-170
474000	-171
476000	-172
478000	-173
480000	-174
482000	-175
484000	-176
486000	-177
488000	-178
490000	-179
492000	-180
494000	-181
496000	-182
498000	-183
500000	-184
502000	-185
504000	-186
506000	-187
508000	-188
510000	-189
512000	-190
514000	-191
516000	-192
518000	-193
520000	-194
522000	-195
524000	-196
526000	-197
528000	-198
530000	-199
532000	-200
534000	-201
536000	-202
538000	-203
540000	-204
542000	-205
544000	-206
546000	-207
548000	-208
550000	-209
552000	-210
554000	-211
556000	-212
558000	-213
560000	-214
562000	-215
564000	-216
566000	-217
568000	-218
570000	-219
572000	-220
574000	-221
576000	-222
578000	-223
580000	-224
582000	-225
584000	-226
586000	-227
588000	-228
590000	-229
592000	-230
594000	-231
596000	-232
598000	-233
600000	-234
602000	-235
604000	-236
606000	-237
608000	-238
610000	-239
612000	-240
614000	-241
616000	-242
618000	-243
620000	-244
622000	-245
624000	-246
626000	-247
628000	-248
630000	-249
632000	-250
634000	-251
636000	-252
638000	-253
640000	-254
642000	-255
644000	-256
646000	-257
648000	-258
650000	-259
652000	-260
654000	-261
656000	-262
658000	-263
660000	-264
662000	-265
664000	-266
666000	-267
668000	-268
670000	-269
672000	-270
674000	-271
676000	-272
678000	-273
680000	-274
682000	-275
684000	-276
686000	-277
688000	-278
690000	-279
692000	-280
694000	-281
696000	-282
698000	-283
700000	-284
702000	-285
704000	-286
706000	-287
708000	-288
710000	-289
712000	-290
714000	-291
716000	-292
718000	-293
720000	-294
722000	-295
724000	-296
726000	-297
728000	-298
730000	-299
732000	-300
734000	-301
736000	-302
738000	-303
740000	-304
742000	-305
744000	-306
746000	-307
748000	-308
750000	-309
752000	-310
754000	-311
756000	-312
758000	-313
760000	-314
762000	-315
764000	-316
766000	-317
768000	-318
770000	-319
772000	-320
774000	-321
776000	-322
778000	-323
780000	-324
782000	-325
784000	-326
786000	-327
788000	-328
790000	-329
792000	-330
794000	-331
796000	-332
798000	-333
800000	-334
802000	-335
804000	-336
806000	-337
808000	-338
810000	-339
812000	-340
814000	-341
816000	-342
818000	-343
820000	-344
822000	-345
824000	-346
826000	-347
828000	-348
830000	-349
832000	-350
834000	-351
836000	-352
838000	-353
840000	-354
842000	-355
844000	-356
846000	-357
848000	-358
850000	-359
852000	-360
854000	-361
856000	-362
858000	-363
860000	-364
862000	-365
864000	-366
866000	-367
868000	-368
870000	-369
872000	-370
874000	-371
876000	-372
878000	-373
880000	-374
882000	-375
884000	-376
886000	-377
888000	-378
890000	-379
892000	-380
894000	-381
896000	-382
898000	-383
900000	-384
902000	-385
904000	-386
906000	-387
908000	-388
910000	-389
912000	-390
914000	-391
916000	-392
918000	-393
920000	-394
922000	-395
924000	-396
926000	-397
928000	-398
930000	-399
932000	-400
934000	-401
936000	-402
938000	-403
940000	-404
942000	-405
944000	-406
946000	-407
948000	-408
950000	-409
952000	-410
954000	-411
956000	-412
958000	-413
960000	-414
962000	-415
964000	-416
966000	-417
968000	-418
970000	-419
972000	-420
974000	-421
976000	-422
978000	-423
980000	-424
982000	-425
984000	-426
986000	-427
988000	-428
990000	-429
992000	-430
994000	-431
996000	-432
998000	-433
1000000	-434
1002000	-435
1004000	-436
1006000	-437
1008000	-438
1010000	-439
1012000	-440
1014000	-441
1016000	-442
1018000	-443
1020000	-444
1022000	-445
1024000	-446
1026000	-447
1028000	-448
1030000	-449
1032000	-450
1034000	-451
1036000	-452
1038000	-453
1040000	-454
1042000	-455
1044000	-456
1046000	-457
1048000	-458
1050000	-459
1052000	-460
1054000	-461
1056000	-462
1058000	-463
1060000	-464
1062000	-465
1064000	-466
1066000	-467
1068000	-468
1070000	-469
1072000	-470
1074000	-471
1076000	-472
1078000	-473
1080000	-474
1082000	-475
1084000	-476
1086000	-477
1088000	-478
1090000	-479
1092000	-480
1094000	-481
1096000	-482
1098000	-483
1100000	-484
1102000	-485
1104000	-486
1106000	-487
1108000	-488
1110000	-489
1112000	-490
1114000	-491
1116000	-492
1118000	-493
1120000	-494
1122000	-495
1124000	-496
1126000	-497
1128000	-498
1130000	-499
1132000	-500
1134000	-501
1136000	-502
1138000	-503
1140000	-504
1142000	-505
1144000	-506
1146000	-507
1148000	-508
1150000	-509
1152000	-510
1154000	-511
1156000	-512
1158000	-513
1160000	-514
1162000	-515
1164000	-516
1166000	-517
1168000	-518
1170000	-519
1172000	-520
1174000	-521
1176000	-522
1178000	-523
1180000	-524
1182000	-525
1184000	-526
1186000	-527
1188000	-528
1190000	-529
1192000	-530
1194000	-531
1196000	-532
1198000	-533
1200000	-534
1202000	-535
1204000	-536
1206000	-537
1208000	-538
1210000	-539
1212000	-540
1214000	-541
1216000	-542
1218000	-543
1220000	-544
1222000	-545
1224000	-546
1226000	-547
1228000	-548
1230000	-549
1232000	-550
1234000	-551
1236000	-552
1238000	-553
1240000	-554
1242000	-555
1244000	-556
1246000	-557
1248000	-558
1250000	-559
1252000	-560
1254000	-561
1256000	-562
1258000	-563
1260000	-564
1262000	-565
1264000	-566
1266000	-567
1268000	-568
1270000	-569
1272000	-570
1274000	-571
1276000	-572
1278000	-573
1280000	-574
1282000	-575
1284000	-576
1286000	-577
1288000	-578
1290000	-579
1292000	-580
1294000	-581
1296000	-582
1298000	-583
1300000	-584
1302000	-585
1304000	-586
1306000	-587
1308000	-588
1310000	-589
1312000	-590
1314000	-591
1316000	-592
1318000	-593
1320000	-594
1322000	-595
1324000	-596
1326000	-597
1328000	-598
1330000	-599
1332000	-600
1334000	-601
1336000	-602
1338000	-603
1340000	-604
1342000	-605
1344000	-606
1346000	-607
1348000	-608
1350000	-609
1352000	-610
1354000	-611
1356000	-612
1358000	-613
1360000	-614
1362000	-615
1364000	-616
1366000	-617
1368000	-618
1370000	-619
1372000	-620
1374000	-621
1376000	-622
1378000	-623
1380000	-624
1382000	-625
1384000	-626
1386000	-627
1388000	-628
1390000	-629
1392000	-630
1394000	-631
1396000	-632
1398000	-633
1400000	-634
1402000	-635
1404000	-636
1406000	-637
1408000	-638
1410000	-639
1412000	-640
1414000	-641
1416000	-642
1418000	-643
1420000	-644
1422000	-645
1424000	-646
1426000	-647
1428000	-648
1430000	-649
1432000	-650
1434000	-651
1436000	-652
1438000	-653
1440000	-654
1442000	-655
1444000	-656
1446000	-657
1448000	-658
1450000	-659
1452000	-660
1454000	-661
1456000	-662
1458000	-663
1460000	-664
1462000	-665
1464000	-666
1466000	-667
1468000	-668
1470000	-669
1472000	-670
1474000	-671
1476000	-672
1478000	-673
1480000	-674
1482000	-675
1484000	-676
1486000	-677
1488000	-678
1490000	-679
1492000	-680
1494000	-681
1496000	-682
1498000	-683
1500000	-684
1502000	-685
1504000	-686
1506000	-687
1508000	-688
1510000	-689
1512000	-690
1514000	-691
1516000	-692
1518000	-693
1520000	-694
1522000	-695
1524000	-696
1526000	-697
1528000	-698
1530000	-699
1532000	-700
1534000	-701
1536000	-702
1538000	-703
1540000	-704
1542000	-705
1544000	-706
1546000	-707
1548000	-708
1550000	-709
1552000	-710
1554000	-711
1556000	-712
1558000	-713
1560000	-714
1562000	-715
1564000	-716
1566000	-717
1568000	-718
1570000	-719
1572000	-720
1574000	-721
1576000	-722
1578000	-723
1580000	-724
1582000	-725
1584000	-726
1586000	-727
1588000	-728
1590000	-729
1592000	-730
1594000	-731
1596000	-732
1598000	-733
1600000	-734
1602000	-735
1604000	-736
1606000	-737
1608000	-738
1610000	-739
1612000	-740
1614000	-741
1616000	-742
1618000	-743
1620000	-744
1622000	-745
1624000	-746
1626000	-747
1628000	-748
1630000	-749
1632000	-750
1634000	-751
1636000	-752
1638000	-753
1640000	-754
1642000	-755
1644000	-756
1646000	-757
1648000	-758
1650000	-759
1652000	-760
1654000	-761
1656000	-762
1658000	-763
1660000	-764
1662000	-765
1664000	-766
1666000	-767
1668000	-768
1670000	-769
1672000	-770
1674000	-771
1676000	-772
1678000	-773
1680000	-774
1682000	-775
1684000	-776
1686000	-777
1688000	-778
1690000	-779
1692000	-780
1694000	-781
1696000	-782
1698000	-783
1700000	-784
1702000	-785
1704000	-786
1706000	-787
1708000	-788
1710000	-789
1712000	-790
1714000	-791
1716000	-792
1718000	-793
1720000	-794
1722000	-795
1724000	-796
1726000	-797
1728000	-798
1730000	-799
1732000	-800
1734000	-801
1736000	-802
1738000	-803
1740000	-804
1742000	-805
1744000	-806
1746000	-807
1748000	-808
1750000	-809
1752000	-810
1754000	-811
1756000	-812
1758000	-813
1760000	-814
1762000	-815
1764000	-816
1766000	-817
1768000	-818
1770000	-819
1772000	-820
1774000	-821
1776000	-822
1778000	-823
1780000	-824
1782000	-825
1784000	-826
1786000	-827
1788000	-828
1790000	-829
1792000	-830
1794000	-831
1796000	-832
1798000	-833
1800000	-834
1802000	-835
1804000	-836
1806000	-837
1808000	-838
1810000	-839
1812000	-840
1814000	-841
1816000	-842
1818000	-843
1820000	-844
1822000	-845
1824000	-846
1826000	-847
1828000	-848
1830000	-849
1832000	-850
1834000	-851
1836000	-852
1838000	-853
1840000	-854
1842000	-855
1844000	-856
1846000	-857
1848000	-858
1850000	-859
1852000	-860
1854000	-861
1856000	-862
1858000	-863
1860000	-864
1862000	-865
1864000	-866
1866000	-867
1868000	-868
1870000	-869
1872000	-870
1874000	-871
1876000	-872
1878000	-873
1880000	-874
1882000	-875
1884000	-876
1886000	-877
1888000	-878
1890000	-879
1892000	-880
1894000	-881
1896000	-882
1898000	-883
1900000	-884
1902000	-885
1904000	-886
1906000	-887
1908000	-888
1910000	-889
1912000	-890
1914000	-891
1916000	-892
1918000	-893
1920000	-894
1922000	-895
1924000	-896
1926000	-897
1928000	-898
1930000	-899
1932000	-900
1934000	-901
1936000	-902
1938000	-903
1940000	-904
1942000	-905
1944000	-906
1946000	-907
1948000	-908
1950000	-909
1952000	-910
1954000	-911
1956000	-912
1958000	-913
1960000	-914
1962000	-915
1964000	-916
1966000	-917
1968000	-918
1970000	-919
1972000	-920
1974000	-921
1976000	-922
1978000	-923
1980000	-924
1982000	-925
1984000	-926
1986000	-927
1988000	-928
1990000	-929
1992000	-930
1994000	-931
1996000	-932
1998000	-933
