0	1.4383877e-08	-78.42124
20	1.4383921e-08	-78.421227
40	1.4384054e-08	-78.421187
60	1.4384275e-08	-78.42112
80	1.4384585e-08	-78.421027
100	1.4384983e-08	-78.420906
120	1.438547e-08	-78.420759
140	1.4386045e-08	-78.420586
160	1.4386709e-08	-78.420385
180	1.4387461e-08	-78.420158
200	1.4388302e-08	-78.419905
220	1.4389231e-08	-78.419624
240	1.4390249e-08	-78.419317
260	1.4391355e-08	-78.418983
280	1.439255e-08	-78.418622
300	1.4393834e-08	-78.418235
320	1.4395206e-08	-78.417821
340	1.4396666e-08	-78.417381
360	1.4398216e-08	-78.416913
380	1.4399854e-08	-78.416419
400	1.440158e-08	-78.415899
420	1.4403395e-08	-78.415351
440	1.4405299e-08	-78.414777
460	1.4407291e-08	-78.414177
480	1.4409372e-08	-78.413549
500	1.4411542e-08	-78.412896
520	1.44138e-08	-78.412215
540	1.4416148e-08	-78.411508
560	1.4418583e-08	-78.410774
580	1.4421108e-08	-78.410014
600	1.4423722e-08	-78.409227
620	1.4426424e-08	-78.408413
640	1.4429215e-08	-78.407573
660	1.4432095e-08	-78.406706
680	1.4435064e-08	-78.405813
700	1.4438122e-08	-78.404893
720	1.4441268e-08	-78.403947
740	1.4444504e-08	-78.402974
760	1.4447828e-08	-78.401974
780	1.4451242e-08	-78.400948
800	1.4454745e-08	-78.399896
820	1.4458336e-08	-78.398817
840	1.4462017e-08	-78.397711
860	1.4465787e-08	-78.396579
880	1.4469646e-08	-78.395421
900	1.4473594e-08	-78.394236
920	1.4477631e-08	-78.393025
940	1.4481758e-08	-78.391787
960	1.4485974e-08	-78.390523
980	1.4490279e-08	-78.389233
1000	1.4494673e-08	-78.387916
1020	1.4499157e-08	-78.386572
1040	1.4503731e-08	-78.385203
1060	1.4508393e-08	-78.383807
1080	1.4513146e-08	-78.382384
1100	1.4517987e-08	-78.380936
1120	1.4522919e-08	-78.379461
1140	1.4527939e-08	-78.37796
1160	1.453305e-08	-78.376432
1180	1.453825e-08	-78.374879
1200	1.454354e-08	-78.373299
1220	1.454892e-08	-78.371693
1240	1.4554389e-08	-78.37006
1260	1.4559948e-08	-78.368402
1280	1.4565598e-08	-78.366717
1300	1.4571337e-08	-78.365006
1320	1.4577166e-08	-78.363269
1340	1.4583085e-08	-78.361506
1360	1.4589094e-08	-78.359717
1380	1.4595194e-08	-78.357901
1400	1.4601383e-08	-78.35606
1420	1.4607663e-08	-78.354193
1440	1.4614033e-08	-78.352299
1460	1.4620493e-08	-78.35038
1480	1.4627044e-08	-78.348434
1500	1.4633685e-08	-78.346463
1520	1.4640417e-08	-78.344466
1540	1.4647239e-08	-78.342442
1560	1.4654152e-08	-78.340393
1580	1.4661155e-08	-78.338318
1600	1.4668249e-08	-78.336217
1620	1.4675434e-08	-78.33409
1640	1.468271e-08	-78.331938
1660	1.4690076e-08	-78.32976
1680	1.4697534e-08	-78.327555
1700	1.4705082e-08	-78.325325
1720	1.4712722e-08	-78.32307
1740	1.4720452e-08	-78.320788
1760	1.4728274e-08	-78.318481
1780	1.4736187e-08	-78.316149
1800	1.4744191e-08	-78.31379
1820	1.4752287e-08	-78.311406
1840	1.4760474e-08	-78.308997
1860	1.4768753e-08	-78.306562
1880	1.4777123e-08	-78.304101
1900	1.4785585e-08	-78.301615
1920	1.4794138e-08	-78.299103
1940	1.4802784e-08	-78.296566
1960	1.4811521e-08	-78.294004
1980	1.482035e-08	-78.291416
2000	1.4829271e-08	-78.288802
2020	1.4838284e-08	-78.286163
2040	1.4847389e-08	-78.283499
2060	1.4856586e-08	-78.28081
2080	1.4865876e-08	-78.278095
2100	1.4875258e-08	-78.275355
2120	1.4884732e-08	-78.27259
2140	1.4894299e-08	-78.269799
2160	1.4903958e-08	-78.266984
2180	1.491371e-08	-78.264143
2200	1.4923555e-08	-78.261277
2220	1.4933493e-08	-78.258386
2240	1.4943523e-08	-78.25547
2260	1.4953647e-08	-78.252529
2280	1.4963863e-08	-78.249563
2300	1.4974173e-08	-78.246572
2320	1.4984576e-08	-78.243556
2340	1.4995072e-08	-78.240515
2360	1.5005661e-08	-78.237449
2380	1.5016344e-08	-78.234358
2400	1.5027121e-08	-78.231242
2420	1.5037991e-08	-78.228102
2440	1.5048955e-08	-78.224937
2460	1.5060013e-08	-78.221747
2480	1.5071164e-08	-78.218532
2500	1.508241e-08	-78.215293
2520	1.509375e-08	-78.212029
2540	1.5105184e-08	-78.20874
2560	1.5116712e-08	-78.205427
2580	1.5128334e-08	-78.202089
2600	1.5140051e-08	-78.198727
2620	1.5151863e-08	-78.19534
2640	1.5163769e-08	-78.191928
2660	1.517577e-08	-78.188493
2680	1.5187866e-08	-78.185033
2700	1.5200056e-08	-78.181548
2720	1.5212342e-08	-78.178039
2740	1.5224723e-08	-78.174506
2760	1.5237199e-08	-78.170949
2780	1.5249771e-08	-78.167367
2800	1.5262438e-08	-78.163761
2820	1.52752e-08	-78.160131
2840	1.5288058e-08	-78.156477
2860	1.5301012e-08	-78.152798
2880	1.5314062e-08	-78.149096
2900	1.5327208e-08	-78.14537
2920	1.534045e-08	-78.141619
2940	1.5353788e-08	-78.137845
2960	1.5367222e-08	-78.134046
2980	1.5380753e-08	-78.130224
3000	1.539438e-08	-78.126378
3020	1.5408104e-08	-78.122508
3040	1.5421924e-08	-78.118614
3060	1.5435841e-08	-78.114697
3080	1.5449856e-08	-78.110756
3100	1.5463967e-08	-78.106791
3120	1.5478176e-08	-78.102802
3140	1.5492482e-08	-78.09879
3160	1.5506885e-08	-78.094754
3180	1.5521386e-08	-78.090695
3200	1.5535985e-08	-78.086612
3220	1.5550681e-08	-78.082506
3240	1.5565475e-08	-78.078376
3260	1.5580368e-08	-78.074223
3280	1.5595358e-08	-78.070047
3300	1.5610447e-08	-78.065847
3320	1.5625634e-08	-78.061624
3340	1.5640919e-08	-78.057377
3360	1.5656303e-08	-78.053108
3380	1.5671786e-08	-78.048815
3400	1.5687368e-08	-78.044499
3420	1.5703049e-08	-78.04016
3440	1.5718829e-08	-78.035798
3460	1.5734709e-08	-78.031413
3480	1.5750687e-08	-78.027005
3500	1.5766766e-08	-78.022574
3520	1.5782944e-08	-78.01812
3540	1.5799222e-08	-78.013643
3560	1.5815599e-08	-78.009143
3580	1.5832077e-08	-78.004621
3600	1.5848655e-08	-78.000076
3620	1.5865334e-08	-77.995508
3640	1.5882112e-08	-77.990917
3660	1.5898992e-08	-77.986304
3680	1.5915972e-08	-77.981668
3700	1.5933053e-08	-77.97701
3720	1.5950236e-08	-77.972329
3740	1.5967519e-08	-77.967626
3760	1.5984904e-08	-77.9629
3780	1.600239e-08	-77.958151
3800	1.6019978e-08	-77.953381
3820	1.6037668e-08	-77.948588
3840	1.6055459e-08	-77.943773
3860	1.6073353e-08	-77.938935
3880	1.6091349e-08	-77.934076
3900	1.6109447e-08	-77.929194
3920	1.6127648e-08	-77.92429
3940	1.6145951e-08	-77.919364
3960	1.6164357e-08	-77.914416
3980	1.6182866e-08	-77.909446
4000	1.6201479e-08	-77.904453
4020	1.6220194e-08	-77.899439
4040	1.6239013e-08	-77.894404
4060	1.6257936e-08	-77.889346
4080	1.6276962e-08	-77.884266
4100	1.6296093e-08	-77.879165
4120	1.6315327e-08	-77.874042
4140	1.6334666e-08	-77.868898
4160	1.6354109e-08	-77.863731
4180	1.6373656e-08	-77.858543
4200	1.6393308e-08	-77.853334
4220	1.6413065e-08	-77.848103
4240	1.6432928e-08	-77.842851
4260	1.6452895e-08	-77.837577
4280	1.6472968e-08	-77.832281
4300	1.6493146e-08	-77.826965
4320	1.651343e-08	-77.821627
4340	1.653382e-08	-77.816268
4360	1.6554316e-08	-77.810887
4380	1.6574919e-08	-77.805486
4400	1.6595627e-08	-77.800063
4420	1.6616443e-08	-77.794619
4440	1.6637365e-08	-77.789155
4460	1.6658394e-08	-77.783669
4480	1.667953e-08	-77.778162
4500	1.6700773e-08	-77.772634
4520	1.6722124e-08	-77.767086
4540	1.6743583e-08	-77.761516
4560	1.6765149e-08	-77.755926
4580	1.6786823e-08	-77.750315
4600	1.6808606e-08	-77.744683
4620	1.6830497e-08	-77.739031
4640	1.6852496e-08	-77.733358
4660	1.6874605e-08	-77.727664
4680	1.6896822e-08	-77.72195
4700	1.6919148e-08	-77.716215
4720	1.6941584e-08	-77.71046
4740	1.6964129e-08	-77.704684
4760	1.6986784e-08	-77.698888
4780	1.7009549e-08	-77.693072
4800	1.7032424e-08	-77.687235
4820	1.7055409e-08	-77.681379
4840	1.7078505e-08	-77.675502
4860	1.7101711e-08	-77.669604
4880	1.7125028e-08	-77.663687
4900	1.7148457e-08	-77.65775
4920	1.7171996e-08	-77.651792
4940	1.7195648e-08	-77.645815
4960	1.721941e-08	-77.639817
4980	1.7243285e-08	-77.6338
5000	1.7267272e-08	-77.627763
5020	1.7291371e-08	-77.621706
5040	1.7315582e-08	-77.615629
5060	1.7339907e-08	-77.609532
5080	1.7364344e-08	-77.603416
5100	1.7388894e-08	-77.59728
5120	1.7413558e-08	-77.591125
5140	1.7438335e-08	-77.58495
5160	1.7463226e-08	-77.578755
5180	1.7488231e-08	-77.572541
5200	1.751335e-08	-77.566308
5220	1.7538584e-08	-77.560055
5240	1.7563932e-08	-77.553783
5260	1.7589395e-08	-77.547491
5280	1.7614973e-08	-77.54118
5300	1.7640667e-08	-77.53485
5320	1.7666475e-08	-77.528501
5340	1.76924e-08	-77.522132
5360	1.7718441e-08	-77.515745
5380	1.7744598e-08	-77.509338
5400	1.7770871e-08	-77.502913
5420	1.7797261e-08	-77.496468
5440	1.7823768e-08	-77.490005
5460	1.7850391e-08	-77.483523
5480	1.7877133e-08	-77.477021
5500	1.7903991e-08	-77.470501
5520	1.7930968e-08	-77.463963
5540	1.7958063e-08	-77.457405
5560	1.7985275e-08	-77.450829
5580	1.8012607e-08	-77.444234
5600	1.8040057e-08	-77.437621
5620	1.8067626e-08	-77.430989
5640	1.8095315e-08	-77.424339
5660	1.8123122e-08	-77.41767
5680	1.815105e-08	-77.410982
5700	1.8179097e-08	-77.404277
5720	1.8207265e-08	-77.397553
5740	1.8235553e-08	-77.390811
5760	1.8263962e-08	-77.38405
5780	1.8292492e-08	-77.377271
5800	1.8321143e-08	-77.370474
5820	1.8349916e-08	-77.363659
5840	1.837881e-08	-77.356826
5860	1.8407826e-08	-77.349975
5880	1.8436965e-08	-77.343106
5900	1.8466225e-08	-77.336219
5920	1.8495609e-08	-77.329314
5940	1.8525116e-08	-77.322391
5960	1.8554746e-08	-77.31545
5980	1.8584499e-08	-77.308491
6000	1.8614376e-08	-77.301515
6020	1.8644378e-08	-77.294521
6040	1.8674503e-08	-77.287509
6060	1.8704753e-08	-77.28048
6080	1.8735128e-08	-77.273433
6100	1.8765628e-08	-77.266369
6120	1.8796254e-08	-77.259287
6140	1.8827005e-08	-77.252188
6160	1.8857882e-08	-77.245071
6180	1.8888886e-08	-77.237937
6200	1.8920015e-08	-77.230785
6220	1.8951272e-08	-77.223616
6240	1.8982656e-08	-77.21643
6260	1.9014167e-08	-77.209227
6280	1.9045805e-08	-77.202007
6300	1.9077572e-08	-77.194769
6320	1.9109467e-08	-77.187514
6340	1.914149e-08	-77.180243
6360	1.9173642e-08	-77.172954
6380	1.9205923e-08	-77.165648
6400	1.9238333e-08	-77.158326
6420	1.9270873e-08	-77.150986
6440	1.9303543e-08	-77.14363
6460	1.9336343e-08	-77.136257
6480	1.9369274e-08	-77.128867
6500	1.9402335e-08	-77.12146
6520	1.9435527e-08	-77.114037
6540	1.9468851e-08	-77.106597
6560	1.9502307e-08	-77.09914
6580	1.9535895e-08	-77.091667
6600	1.9569615e-08	-77.084177
6620	1.9603467e-08	-77.076671
6640	1.9637453e-08	-77.069148
6660	1.9671572e-08	-77.061609
6680	1.9705824e-08	-77.054054
6700	1.974021e-08	-77.046482
6720	1.9774731e-08	-77.038894
6740	1.9809385e-08	-77.03129
6760	1.9844175e-08	-77.023669
6780	1.98791e-08	-77.016033
6800	1.991416e-08	-77.00838
6820	1.9949356e-08	-77.000711
6840	1.9984688e-08	-76.993026
6860	2.0020157e-08	-76.985325
6880	2.0055762e-08	-76.977608
6900	2.0091505e-08	-76.969875
6920	2.0127384e-08	-76.962127
6940	2.0163402e-08	-76.954362
6960	2.0199557e-08	-76.946581
6980	2.0235851e-08	-76.938785
7000	2.0272284e-08	-76.930973
7020	2.0308856e-08	-76.923145
7040	2.0345567e-08	-76.915302
7060	2.0382417e-08	-76.907443
7080	2.0419408e-08	-76.899568
7100	2.045654e-08	-76.891678
7120	2.0493812e-08	-76.883773
7140	2.0531225e-08	-76.875851
7160	2.056878e-08	-76.867915
7180	2.0606476e-08	-76.859963
7200	2.0644315e-08	-76.851995
7220	2.0682296e-08	-76.844012
7240	2.072042e-08	-76.836014
7260	2.0758687e-08	-76.828001
7280	2.0797098e-08	-76.819973
7300	2.0835653e-08	-76.811929
7320	2.0874352e-08	-76.80387
7340	2.0913196e-08	-76.795796
7360	2.0952185e-08	-76.787707
7380	2.0991319e-08	-76.779603
7400	2.1030599e-08	-76.771484
7420	2.1070025e-08	-76.76335
7440	2.1109597e-08	-76.755201
7460	2.1149317e-08	-76.747037
7480	2.1189183e-08	-76.738858
7500	2.1229198e-08	-76.730664
7520	2.126936e-08	-76.722456
7540	2.1309671e-08	-76.714233
7560	2.135013e-08	-76.705995
7580	2.1390739e-08	-76.697742
7600	2.1431497e-08	-76.689475
7620	2.1472405e-08	-76.681193
7640	2.1513463e-08	-76.672897
7660	2.1554672e-08	-76.664586
7680	2.1596032e-08	-76.65626
7700	2.1637544e-08	-76.64792
7720	2.1679207e-08	-76.639566
7740	2.1721023e-08	-76.631197
7760	2.1762991e-08	-76.622814
7780	2.1805113e-08	-76.614417
7800	2.1847388e-08	-76.606005
7820	2.1889816e-08	-76.597579
7840	2.1932399e-08	-76.589139
7860	2.1975137e-08	-76.580684
7880	2.201803e-08	-76.572215
7900	2.2061078e-08	-76.563733
7920	2.2104283e-08	-76.555236
7940	2.2147643e-08	-76.546725
7960	2.2191161e-08	-76.5382
7980	2.2234835e-08	-76.529661
8000	2.2278668e-08	-76.521108
8020	2.2322658e-08	-76.512541
8040	2.2366807e-08	-76.50396
8060	2.2411114e-08	-76.495366
8080	2.2455581e-08	-76.486757
8100	2.2500208e-08	-76.478135
8120	2.2544994e-08	-76.469499
8140	2.2589942e-08	-76.460849
8160	2.263505e-08	-76.452185
8180	2.268032e-08	-76.443508
8200	2.2725752e-08	-76.434817
8220	2.2771346e-08	-76.426113
8240	2.2817104e-08	-76.417395
8260	2.2863024e-08	-76.408663
8280	2.2909108e-08	-76.399918
8300	2.2955356e-08	-76.39116
8320	2.3001769e-08	-76.382388
8340	2.3048347e-08	-76.373602
8360	2.309509e-08	-76.364803
8380	2.3142e-08	-76.355991
8400	2.3189076e-08	-76.347166
8420	2.3236319e-08	-76.338327
8440	2.3283729e-08	-76.329475
8460	2.3331307e-08	-76.320609
8480	2.3379053e-08	-76.311731
8500	2.3426968e-08	-76.302839
8520	2.3475053e-08	-76.293934
8540	2.3523307e-08	-76.285016
8560	2.3571732e-08	-76.276085
8580	2.3620327e-08	-76.267141
8600	2.3669093e-08	-76.258184
8620	2.3718031e-08	-76.249214
8640	2.3767141e-08	-76.240231
8660	2.3816424e-08	-76.231234
8680	2.386588e-08	-76.222225
8700	2.391551e-08	-76.213204
8720	2.3965314e-08	-76.204169
8740	2.4015292e-08	-76.195121
8760	2.4065446e-08	-76.186061
8780	2.4115775e-08	-76.176988
8800	2.416628e-08	-76.167902
8820	2.4216962e-08	-76.158803
8840	2.4267822e-08	-76.149692
8860	2.4318859e-08	-76.140568
8880	2.4370074e-08	-76.131432
8900	2.4421468e-08	-76.122282
8920	2.4473041e-08	-76.113121
8940	2.4524793e-08	-76.103946
8960	2.4576727e-08	-76.09476
8980	2.4628841e-08	-76.08556
9000	2.4681136e-08	-76.076349
9020	2.4733613e-08	-76.067124
9040	2.4786273e-08	-76.057888
9060	2.4839115e-08	-76.048639
9080	2.4892141e-08	-76.039377
9100	2.4945351e-08	-76.030104
9120	2.4998746e-08	-76.020818
9140	2.5052326e-08	-76.011519
9160	2.5106091e-08	-76.002209
9180	2.5160043e-08	-75.992886
9200	2.5214181e-08	-75.983551
9220	2.5268507e-08	-75.974204
9240	2.5323021e-08	-75.964845
9260	2.5377723e-08	-75.955473
9280	2.5432614e-08	-75.94609
9300	2.5487695e-08	-75.936694
9320	2.5542966e-08	-75.927287
9340	2.5598428e-08	-75.917867
9360	2.5654081e-08	-75.908435
9380	2.5709926e-08	-75.898992
9400	2.5765963e-08	-75.889536
9420	2.5822193e-08	-75.880069
9440	2.5878617e-08	-75.870589
9460	2.5935236e-08	-75.861098
9480	2.5992049e-08	-75.851595
9500	2.6049057e-08	-75.84208
9520	2.6106262e-08	-75.832553
9540	2.6163663e-08	-75.823015
9560	2.6221261e-08	-75.813464
9580	2.6279057e-08	-75.803902
9600	2.6337052e-08	-75.794328
9620	2.6395246e-08	-75.784743
9640	2.6453639e-08	-75.775146
9660	2.6512232e-08	-75.765537
9680	2.6571027e-08	-75.755917
9700	2.6630023e-08	-75.746285
9720	2.6689221e-08	-75.736641
9740	2.6748622e-08	-75.726986
9760	2.6808226e-08	-75.717319
9780	2.6868034e-08	-75.707641
9800	2.6928047e-08	-75.697951
9820	2.6988265e-08	-75.68825
9840	2.7048689e-08	-75.678538
9860	2.710932e-08	-75.668814
9880	2.7170158e-08	-75.659078
9900	2.7231204e-08	-75.649332
9920	2.7292459e-08	-75.639573
9940	2.7353922e-08	-75.629804
9960	2.7415596e-08	-75.620023
9980	2.747748e-08	-75.610231
10000	2.7539575e-08	-75.600428
10020	2.7601882e-08	-75.590613
10040	2.7664401e-08	-75.580787
10060	2.7727134e-08	-75.57095
10080	2.7790081e-08	-75.561102
10100	2.7853242e-08	-75.551242
10120	2.7916619e-08	-75.541372
10140	2.7980211e-08	-75.53149
10160	2.804402e-08	-75.521597
10180	2.8108047e-08	-75.511693
10200	2.8172291e-08	-75.501778
10220	2.8236754e-08	-75.491852
10240	2.8301437e-08	-75.481915
10260	2.836634e-08	-75.471967
10280	2.8431463e-08	-75.462008
10300	2.8496808e-08	-75.452038
10320	2.8562376e-08	-75.442057
10340	2.8628166e-08	-75.432065
10360	2.8694181e-08	-75.422062
10380	2.8760419e-08	-75.412048
10400	2.8826883e-08	-75.402023
10420	2.8893573e-08	-75.391987
10440	2.8960489e-08	-75.381941
10460	2.9027633e-08	-75.371884
10480	2.9095005e-08	-75.361816
10500	2.9162606e-08	-75.351737
10520	2.9230437e-08	-75.341647
10540	2.9298498e-08	-75.331546
10560	2.936679e-08	-75.321435
10580	2.9435314e-08	-75.311313
10600	2.9504071e-08	-75.301181
10620	2.9573061e-08	-75.291037
10640	2.9642286e-08	-75.280883
10660	2.9711745e-08	-75.270718
10680	2.978144e-08	-75.260543
10700	2.9851372e-08	-75.250357
10720	2.9921542e-08	-75.24016
10740	2.9991949e-08	-75.229953
10760	3.0062595e-08	-75.219735
10780	3.0133482e-08	-75.209507
10800	3.0204608e-08	-75.199268
10820	3.0275976e-08	-75.189018
10840	3.0347587e-08	-75.178758
10860	3.041944e-08	-75.168488
10880	3.0491537e-08	-75.158207
10900	3.0563879e-08	-75.147915
10920	3.0636466e-08	-75.137613
10940	3.0709299e-08	-75.127301
10960	3.078238e-08	-75.116978
10980	3.0855708e-08	-75.106645
11000	3.0929286e-08	-75.096301
11020	3.1003113e-08	-75.085947
11040	3.107719e-08	-75.075583
11060	3.1151519e-08	-75.065208
11080	3.12261e-08	-75.054823
11100	3.1300934e-08	-75.044427
11120	3.1376022e-08	-75.034021
11140	3.1451365e-08	-75.023605
11160	3.1526963e-08	-75.013179
11180	3.1602819e-08	-75.002742
11200	3.1678931e-08	-74.992295
11220	3.1755302e-08	-74.981838
11240	3.1831932e-08	-74.97137
11260	3.1908822e-08	-74.960892
11280	3.1985974e-08	-74.950404
11300	3.2063387e-08	-74.939906
11320	3.2141063e-08	-74.929398
11340	3.2219002e-08	-74.918879
11360	3.2297207e-08	-74.90835
11380	3.2375677e-08	-74.897811
11400	3.2454413e-08	-74.887262
11420	3.2533417e-08	-74.876703
11440	3.2612689e-08	-74.866134
11460	3.2692231e-08	-74.855554
11480	3.2772043e-08	-74.844965
11500	3.2852126e-08	-74.834365
11520	3.2932481e-08	-74.823756
11540	3.3013109e-08	-74.813136
11560	3.3094011e-08	-74.802506
11580	3.3175189e-08	-74.791866
11600	3.3256642e-08	-74.781216
11620	3.3338373e-08	-74.770556
11640	3.3420381e-08	-74.759886
11660	3.3502668e-08	-74.749206
11680	3.3585235e-08	-74.738516
11700	3.3668083e-08	-74.727816
11720	3.3751214e-08	-74.717106
11740	3.3834627e-08	-74.706386
11760	3.3918324e-08	-74.695656
11780	3.4002305e-08	-74.684916
11800	3.4086573e-08	-74.674167
11820	3.4171128e-08	-74.663407
11840	3.4255971e-08	-74.652637
11860	3.4341103e-08	-74.641858
11880	3.4426525e-08	-74.631068
11900	3.4512239e-08	-74.620269
11920	3.4598244e-08	-74.609459
11940	3.4684543e-08	-74.59864
11960	3.4771136e-08	-74.587811
11980	3.4858024e-08	-74.576972
12000	3.4945209e-08	-74.566124
12020	3.5032691e-08	-74.555265
12040	3.5120472e-08	-74.544397
12060	3.5208553e-08	-74.533518
12080	3.5296934e-08	-74.52263
12100	3.5385617e-08	-74.511732
12120	3.5474604e-08	-74.500824
12140	3.5563894e-08	-74.489907
12160	3.5653489e-08	-74.47898
12180	3.5743391e-08	-74.468042
12200	3.58336e-08	-74.457096
12220	3.5924118e-08	-74.446139
12240	3.6014946e-08	-74.435172
12260	3.6106084e-08	-74.424196
12280	3.6197534e-08	-74.41321
12300	3.6289298e-08	-74.402214
12320	3.6381375e-08	-74.391209
12340	3.6473768e-08	-74.380194
12360	3.6566478e-08	-74.369169
12380	3.6659506e-08	-74.358134
12400	3.6752852e-08	-74.34709
12420	3.6846519e-08	-74.336035
12440	3.6940507e-08	-74.324972
12460	3.7034817e-08	-74.313898
12480	3.7129452e-08	-74.302815
12500	3.7224411e-08	-74.291722
12520	3.7319696e-08	-74.280619
12540	3.7415309e-08	-74.269507
12560	3.751125e-08	-74.258385
12580	3.7607521e-08	-74.247253
12600	3.7704124e-08	-74.236111
12620	3.7801058e-08	-74.22496
12640	3.7898327e-08	-74.2138
12660	3.799593e-08	-74.202629
12680	3.8093869e-08	-74.191449
12700	3.8192145e-08	-74.180259
12720	3.8290761e-08	-74.16906
12740	3.8389716e-08	-74.157851
12760	3.8489012e-08	-74.146632
12780	3.8588651e-08	-74.135404
12800	3.8688634e-08	-74.124166
12820	3.8788961e-08	-74.112918
12840	3.8889636e-08	-74.101661
12860	3.8990658e-08	-74.090394
12880	3.9092029e-08	-74.079118
12900	3.919375e-08	-74.067832
12920	3.9295824e-08	-74.056536
12940	3.939825e-08	-74.045231
12960	3.9501031e-08	-74.033916
12980	3.9604168e-08	-74.022591
13000	3.9707662e-08	-74.011257
13020	3.9811514e-08	-73.999913
13040	3.9915727e-08	-73.98856
13060	4.0020301e-08	-73.977197
13080	4.0125238e-08	-73.965824
13100	4.0230538e-08	-73.954442
13120	4.0336205e-08	-73.94305
13140	4.0442238e-08	-73.931648
13160	4.054864e-08	-73.920237
13180	4.0655412e-08	-73.908816
13200	4.0762555e-08	-73.897386
13220	4.087007e-08	-73.885946
13240	4.097796e-08	-73.874497
13260	4.1086226e-08	-73.863038
13280	4.1194869e-08	-73.851569
13300	4.130389e-08	-73.84009
13320	4.1413291e-08	-73.828603
13340	4.1523074e-08	-73.817105
13360	4.163324e-08	-73.805598
13380	4.1743791e-08	-73.794081
13400	4.1854728e-08	-73.782555
13420	4.1966052e-08	-73.771019
13440	4.2077766e-08	-73.759473
13460	4.218987e-08	-73.747918
13480	4.2302366e-08	-73.736353
13500	4.2415257e-08	-73.724779
13520	4.2528543e-08	-73.713195
13540	4.2642225e-08	-73.701601
13560	4.2756306e-08	-73.689998
13580	4.2870788e-08	-73.678385
13600	4.2985671e-08	-73.666763
13620	4.3100957e-08	-73.655131
13640	4.3216648e-08	-73.643489
13660	4.3332746e-08	-73.631838
13680	4.3449252e-08	-73.620177
13700	4.3566167e-08	-73.608506
13720	4.3683494e-08	-73.596826
13740	4.3801235e-08	-73.585136
13760	4.391939e-08	-73.573437
13780	4.4037961e-08	-73.561728
13800	4.4156951e-08	-73.550009
13820	4.427636e-08	-73.538281
13840	4.4396191e-08	-73.526543
13860	4.4516445e-08	-73.514795
13880	4.4637124e-08	-73.503038
13900	4.475823e-08	-73.491271
13920	4.4879764e-08	-73.479494
13940	4.5001729e-08	-73.467708
13960	4.5124125e-08	-73.455912
13980	4.5246954e-08	-73.444106
14000	4.537022e-08	-73.432291
14020	4.5493922e-08	-73.420466
14040	4.5618064e-08	-73.408632
14060	4.5742646e-08	-73.396787
14080	4.5867671e-08	-73.384933
14100	4.599314e-08	-73.373069
14120	4.6119055e-08	-73.361196
14140	4.6245419e-08	-73.349313
14160	4.6372232e-08	-73.33742
14180	4.6499497e-08	-73.325517
14200	4.6627216e-08	-73.313605
14220	4.6755391e-08	-73.301683
14240	4.6884023e-08	-73.289751
14260	4.7013114e-08	-73.27781
14280	4.7142666e-08	-73.265859
14300	4.7272682e-08	-73.253898
14320	4.7403162e-08	-73.241927
14340	4.753411e-08	-73.229946
14360	4.7665526e-08	-73.217956
14380	4.7797414e-08	-73.205956
14400	4.7929774e-08	-73.193946
14420	4.8062609e-08	-73.181927
14440	4.8195921e-08	-73.169897
14460	4.8329712e-08	-73.157858
14480	4.8463983e-08	-73.145809
14500	4.8598738e-08	-73.13375
14520	4.8733977e-08	-73.121681
14540	4.8869704e-08	-73.109603
14560	4.9005919e-08	-73.097515
14580	4.9142626e-08	-73.085416
14600	4.9279825e-08	-73.073308
14620	4.941752e-08	-73.061191
14640	4.9555712e-08	-73.049063
14660	4.9694404e-08	-73.036925
14680	4.9833597e-08	-73.024778
14700	4.9973294e-08	-73.01262
14720	5.0113497e-08	-73.000453
14740	5.0254208e-08	-72.988276
14760	5.0395429e-08	-72.976089
14780	5.0537162e-08	-72.963892
14800	5.067941e-08	-72.951685
14820	5.0822174e-08	-72.939468
14840	5.0965458e-08	-72.927241
14860	5.1109263e-08	-72.915004
14880	5.1253591e-08	-72.902757
14900	5.1398445e-08	-72.8905
14920	5.1543827e-08	-72.878233
14940	5.1689739e-08	-72.865957
14960	5.1836183e-08	-72.85367
14980	5.1983163e-08	-72.841373
15000	5.213068e-08	-72.829066
15020	5.2278736e-08	-72.816749
15040	5.2427334e-08	-72.804422
15060	5.2576476e-08	-72.792085
15080	5.2726164e-08	-72.779738
15100	5.2876402e-08	-72.767381
15120	5.3027191e-08	-72.755014
15140	5.3178533e-08	-72.742636
15160	5.3330432e-08	-72.730249
15180	5.3482889e-08	-72.717851
15200	5.3635908e-08	-72.705444
15220	5.3789489e-08	-72.693026
15240	5.3943637e-08	-72.680598
15260	5.4098354e-08	-72.66816
15280	5.4253641e-08	-72.655711
15300	5.4409501e-08	-72.643253
15320	5.4565938e-08	-72.630784
15340	5.4722953e-08	-72.618305
15360	5.4880549e-08	-72.605815
15380	5.5038729e-08	-72.593316
15400	5.5197496e-08	-72.580806
15420	5.5356851e-08	-72.568286
15440	5.5516797e-08	-72.555756
15460	5.5677338e-08	-72.543215
15480	5.5838475e-08	-72.530664
15500	5.6000212e-08	-72.518103
15520	5.6162551e-08	-72.505532
15540	5.6325495e-08	-72.49295
15560	5.6489046e-08	-72.480358
15580	5.6653208e-08	-72.467755
15600	5.6817982e-08	-72.455142
15620	5.6983372e-08	-72.442519
15640	5.7149381e-08	-72.429885
15660	5.7316011e-08	-72.41724
15680	5.7483264e-08	-72.404586
15700	5.7651145e-08	-72.391921
15720	5.7819656e-08	-72.379245
15740	5.7988799e-08	-72.366559
15760	5.8158577e-08	-72.353862
15780	5.8328994e-08	-72.341155
15800	5.8500052e-08	-72.328437
15820	5.8671754e-08	-72.315709
15840	5.8844103e-08	-72.302971
15860	5.9017103e-08	-72.290221
15880	5.9190755e-08	-72.277461
15900	5.9365063e-08	-72.264691
15920	5.954003e-08	-72.25191
15940	5.9715659e-08	-72.239118
15960	5.9891953e-08	-72.226315
15980	6.0068915e-08	-72.213502
16000	6.0246548e-08	-72.200678
16020	6.0424855e-08	-72.187844
16040	6.060384e-08	-72.174999
16060	6.0783505e-08	-72.162143
16080	6.0963853e-08	-72.149276
16100	6.1144889e-08	-72.136398
16120	6.1326614e-08	-72.12351
16140	6.1509032e-08	-72.110611
16160	6.1692147e-08	-72.097701
16180	6.1875961e-08	-72.08478
16200	6.2060478e-08	-72.071849
16220	6.2245701e-08	-72.058906
16240	6.2431634e-08	-72.045953
16260	6.2618279e-08	-72.032989
16280	6.280564e-08	-72.020014
16300	6.2993721e-08	-72.007027
16320	6.3182524e-08	-71.99403
16340	6.3372053e-08	-71.981022
16360	6.3562312e-08	-71.968003
16380	6.3753304e-08	-71.954973
16400	6.3945032e-08	-71.941932
16420	6.4137501e-08	-71.92888
16440	6.4330712e-08	-71.915816
16460	6.452467e-08	-71.902742
16480	6.4719379e-08	-71.889657
16500	6.4914842e-08	-71.87656
16520	6.5111062e-08	-71.863452
16540	6.5308044e-08	-71.850333
16560	6.550579e-08	-71.837203
16580	6.5704304e-08	-71.824062
16600	6.5903591e-08	-71.810909
16620	6.6103653e-08	-71.797745
16640	6.6304495e-08	-71.78457
16660	6.650612e-08	-71.771384
16680	6.6708531e-08	-71.758186
16700	6.6911734e-08	-71.744977
16720	6.7115731e-08	-71.731757
16740	6.7320526e-08	-71.718525
16760	6.7526123e-08	-71.705282
16780	6.7732527e-08	-71.692027
16800	6.793974e-08	-71.678761
16820	6.8147767e-08	-71.665484
16840	6.8356612e-08	-71.652195
16860	6.8566278e-08	-71.638894
16880	6.877677e-08	-71.625582
16900	6.8988092e-08	-71.612259
16920	6.9200247e-08	-71.598924
16940	6.941324e-08	-71.585577
16960	6.9627075e-08	-71.572218
16980	6.9841756e-08	-71.558848
17000	7.0057287e-08	-71.545467
17020	7.0273672e-08	-71.532074
17040	7.0490916e-08	-71.518668
17060	7.0709022e-08	-71.505252
17080	7.0927995e-08	-71.491823
17100	7.1147839e-08	-71.478383
17120	7.1368559e-08	-71.464931
17140	7.1590158e-08	-71.451467
17160	7.1812641e-08	-71.437991
17180	7.2036013e-08	-71.424503
17200	7.2260277e-08	-71.411004
17220	7.2485439e-08	-71.397492
17240	7.2711502e-08	-71.383969
17260	7.2938471e-08	-71.370433
17280	7.3166351e-08	-71.356886
17300	7.3395146e-08	-71.343327
17320	7.3624861e-08	-71.329755
17340	7.38555e-08	-71.316172
17360	7.4087068e-08	-71.302576
17380	7.431957e-08	-71.288968
17400	7.4553009e-08	-71.275348
17420	7.4787392e-08	-71.261716
17440	7.5022722e-08	-71.248072
17460	7.5259005e-08	-71.234415
17480	7.5496245e-08	-71.220746
17500	7.5734447e-08	-71.207065
17520	7.5973616e-08	-71.193372
17540	7.6213756e-08	-71.179666
17560	7.6454873e-08	-71.165948
17580	7.6696972e-08	-71.152218
17600	7.6940058e-08	-71.138475
17620	7.7184134e-08	-71.12472
17640	7.7429208e-08	-71.110952
17660	7.7675283e-08	-71.097172
17680	7.7922365e-08	-71.083379
17700	7.8170459e-08	-71.069573
17720	7.841957e-08	-71.055755
17740	7.8669704e-08	-71.041925
17760	7.8920865e-08	-71.028082
17780	7.9173058e-08	-71.014226
17800	7.942629e-08	-71.000357
17820	7.9680565e-08	-70.986476
17840	7.9935889e-08	-70.972582
17860	8.0192268e-08	-70.958675
17880	8.0449705e-08	-70.944755
17900	8.0708208e-08	-70.930823
17920	8.0967782e-08	-70.916878
17940	8.1228432e-08	-70.902919
17960	8.1490163e-08	-70.888948
17980	8.1752982e-08	-70.874964
18000	8.2016894e-08	-70.860967
18020	8.2281905e-08	-70.846957
18040	8.254802e-08	-70.832933
18060	8.2815245e-08	-70.818897
18080	8.3083586e-08	-70.804848
18100	8.3353049e-08	-70.790785
18120	8.362364e-08	-70.776709
18140	8.3895364e-08	-70.76262
18160	8.4168228e-08	-70.748518
18180	8.4442238e-08	-70.734403
18200	8.4717399e-08	-70.720274
18220	8.4993718e-08	-70.706132
18240	8.5271201e-08	-70.691976
18260	8.5549853e-08	-70.677807
18280	8.5829682e-08	-70.663625
18300	8.6110693e-08	-70.649429
18320	8.6392893e-08	-70.63522
18340	8.6676288e-08	-70.620997
18360	8.6960884e-08	-70.606761
18380	8.7246688e-08	-70.592511
18400	8.7533706e-08	-70.578247
18420	8.7821944e-08	-70.56397
18440	8.811141e-08	-70.549678
18460	8.840211e-08	-70.535374
18480	8.869405e-08	-70.521055
18500	8.8987237e-08	-70.506723
18520	8.9281678e-08	-70.492377
18540	8.9577379e-08	-70.478017
18560	8.9874347e-08	-70.463643
18580	9.017259e-08	-70.449255
18600	9.0472114e-08	-70.434853
18620	9.0772925e-08	-70.420437
18640	9.1075032e-08	-70.406007
18660	9.1378441e-08	-70.391563
18680	9.1683158e-08	-70.377104
18700	9.1989192e-08	-70.362632
18720	9.2296549e-08	-70.348145
18740	9.2605237e-08	-70.333645
18760	9.2915263e-08	-70.319129
18780	9.3226633e-08	-70.3046
18800	9.3539357e-08	-70.290056
18820	9.385344e-08	-70.275498
18840	9.416889e-08	-70.260925
18860	9.4485716e-08	-70.246338
18880	9.4803924e-08	-70.231737
18900	9.5123522e-08	-70.217121
18920	9.5444518e-08	-70.20249
18940	9.576692e-08	-70.187845
18960	9.6090735e-08	-70.173185
18980	9.6415971e-08	-70.15851
19000	9.6742636e-08	-70.143821
19020	9.7070738e-08	-70.129117
19040	9.7400286e-08	-70.114398
19060	9.7731286e-08	-70.099664
19080	9.8063747e-08	-70.084915
19100	9.8397678e-08	-70.070151
19120	9.8733087e-08	-70.055373
19140	9.9069981e-08	-70.040579
19160	9.9408369e-08	-70.02577
19180	9.974826e-08	-70.010947
19200	1.0008966e-07	-69.996108
19220	1.0043258e-07	-69.981254
19240	1.0077703e-07	-69.966384
19260	1.0112302e-07	-69.9515
19280	1.0147055e-07	-69.9366
19300	1.0181964e-07	-69.921684
19320	1.0217029e-07	-69.906754
19340	1.0252251e-07	-69.891808
19360	1.0287631e-07	-69.876846
19380	1.0323171e-07	-69.861869
19400	1.035887e-07	-69.846876
19420	1.039473e-07	-69.831868
19440	1.0430751e-07	-69.816844
19460	1.0466936e-07	-69.801804
19480	1.0503284e-07	-69.786749
19500	1.0539796e-07	-69.771678
19520	1.0576474e-07	-69.756591
19540	1.0613319e-07	-69.741488
19560	1.065033e-07	-69.726369
19580	1.0687511e-07	-69.711234
19600	1.072486e-07	-69.696084
19620	1.076238e-07	-69.680917
19640	1.0800071e-07	-69.665734
19660	1.0837934e-07	-69.650535
19680	1.0875971e-07	-69.63532
19700	1.0914182e-07	-69.620088
19720	1.0952569e-07	-69.60484
19740	1.0991131e-07	-69.589576
19760	1.1029872e-07	-69.574295
19780	1.106879e-07	-69.558998
19800	1.1107888e-07	-69.543685
19820	1.1147167e-07	-69.528355
19840	1.1186627e-07	-69.513008
19860	1.122627e-07	-69.497645
19880	1.1266097e-07	-69.482265
19900	1.1306108e-07	-69.466869
19920	1.1346306e-07	-69.451455
19940	1.138669e-07	-69.436025
19960	1.1427263e-07	-69.420578
19980	1.1468025e-07	-69.405114
20000	1.1508977e-07	-69.389633
20020	1.1550121e-07	-69.374135
20040	1.1591457e-07	-69.35862
20060	1.1632987e-07	-69.343087
20080	1.1674713e-07	-69.327538
20100	1.1716634e-07	-69.311971
20120	1.1758753e-07	-69.296387
20140	1.180107e-07	-69.280786
20160	1.1843587e-07	-69.265167
20180	1.1886305e-07	-69.249531
20200	1.1929225e-07	-69.233878
20220	1.1972348e-07	-69.218207
20240	1.2015676e-07	-69.202518
20260	1.205921e-07	-69.186811
20280	1.2102951e-07	-69.171087
20300	1.21469e-07	-69.155345
20320	1.2191059e-07	-69.139586
20340	1.2235429e-07	-69.123808
20360	1.2280011e-07	-69.108012
20380	1.2324806e-07	-69.092199
20400	1.2369817e-07	-69.076367
20420	1.2415043e-07	-69.060518
20440	1.2460487e-07	-69.04465
20460	1.2506149e-07	-69.028764
20480	1.2552032e-07	-69.01286
20500	1.2598136e-07	-68.996937
20520	1.2644463e-07	-68.980996
20540	1.2691014e-07	-68.965037
20560	1.2737791e-07	-68.949059
20580	1.2784795e-07	-68.933062
20600	1.2832028e-07	-68.917047
20620	1.287949e-07	-68.901013
20640	1.2927184e-07	-68.884961
20660	1.297511e-07	-68.86889
20680	1.3023271e-07	-68.852799
20700	1.3071667e-07	-68.83669
20720	1.31203e-07	-68.820562
20740	1.3169172e-07	-68.804415
20760	1.3218285e-07	-68.788249
20780	1.3267639e-07	-68.772064
20800	1.3317236e-07	-68.755859
20820	1.3367078e-07	-68.739635
20840	1.3417166e-07	-68.723392
20860	1.3467502e-07	-68.70713
20880	1.3518087e-07	-68.690848
20900	1.3568924e-07	-68.674546
20920	1.3620013e-07	-68.658225
20940	1.3671356e-07	-68.641884
20960	1.3722955e-07	-68.625523
20980	1.3774812e-07	-68.609143
21000	1.3826928e-07	-68.592743
21020	1.3879305e-07	-68.576323
21040	1.3931944e-07	-68.559883
21060	1.3984847e-07	-68.543423
21080	1.4038017e-07	-68.526942
21100	1.4091454e-07	-68.510442
21120	1.414516e-07	-68.493921
21140	1.4199137e-07	-68.47738
21160	1.4253388e-07	-68.460819
21180	1.4307913e-07	-68.444237
21200	1.4362714e-07	-68.427635
21220	1.4417794e-07	-68.411012
21240	1.4473153e-07	-68.394368
21260	1.4528795e-07	-68.377704
21280	1.458472e-07	-68.361019
21300	1.4640931e-07	-68.344313
21320	1.469743e-07	-68.327586
21340	1.4754217e-07	-68.310838
21360	1.4811297e-07	-68.294069
21380	1.4868669e-07	-68.277279
21400	1.4926336e-07	-68.260468
21420	1.4984301e-07	-68.243635
21440	1.5042565e-07	-68.226781
21460	1.510113e-07	-68.209906
21480	1.5159997e-07	-68.193009
21500	1.521917e-07	-68.17609
21520	1.5278651e-07	-68.15915
21540	1.533844e-07	-68.142188
21560	1.5398541e-07	-68.125204
21580	1.5458955e-07	-68.108199
21600	1.5519684e-07	-68.091171
21620	1.5580732e-07	-68.074122
21640	1.5642099e-07	-68.05705
21660	1.5703788e-07	-68.039956
21680	1.5765801e-07	-68.02284
21700	1.582814e-07	-68.005701
21720	1.5890808e-07	-67.98854
21740	1.5953807e-07	-67.971357
21760	1.6017138e-07	-67.954151
21780	1.6080805e-07	-67.936922
21800	1.614481e-07	-67.919671
21820	1.6209154e-07	-67.902396
21840	1.6273841e-07	-67.885099
21860	1.6338873e-07	-67.867779
21880	1.6404251e-07	-67.850436
21900	1.6469979e-07	-67.83307
21920	1.6536058e-07	-67.81568
21940	1.6602492e-07	-67.798267
21960	1.6669282e-07	-67.780831
21980	1.6736432e-07	-67.763371
22000	1.6803943e-07	-67.745888
22020	1.6871818e-07	-67.728381
22040	1.694006e-07	-67.71085
22060	1.7008672e-07	-67.693296
22080	1.7077655e-07	-67.675718
22100	1.7147013e-07	-67.658115
22120	1.7216747e-07	-67.640489
22140	1.7286862e-07	-67.622838
22160	1.7357359e-07	-67.605164
22180	1.7428241e-07	-67.587464
22200	1.7499511e-07	-67.569741
22220	1.7571172e-07	-67.551993
22240	1.7643226e-07	-67.53422
22260	1.7715676e-07	-67.516423
22280	1.7788525e-07	-67.4986
22300	1.7861777e-07	-67.480753
22320	1.7935433e-07	-67.462881
22340	1.8009496e-07	-67.444984
22360	1.808397e-07	-67.427062
22380	1.8158858e-07	-67.409115
22400	1.8234162e-07	-67.391142
22420	1.8309886e-07	-67.373144
22440	1.8386032e-07	-67.35512
22460	1.8462604e-07	-67.337071
22480	1.8539604e-07	-67.318995
22500	1.8617036e-07	-67.300895
22520	1.8694903e-07	-67.282768
22540	1.8773209e-07	-67.264615
22560	1.8851955e-07	-67.246436
22580	1.8931146e-07	-67.228231
22600	1.9010785e-07	-67.209999
22620	1.9090875e-07	-67.191742
22640	1.917142e-07	-67.173457
22660	1.9252422e-07	-67.155146
22680	1.9333885e-07	-67.136809
22700	1.9415813e-07	-67.118444
22720	1.9498209e-07	-67.100053
22740	1.9581076e-07	-67.081635
22760	1.9664418e-07	-67.063189
22780	1.9748239e-07	-67.044716
22800	1.9832541e-07	-67.026216
22820	1.991733e-07	-67.007689
22840	2.0002607e-07	-66.989134
22860	2.0088378e-07	-66.970551
22880	2.0174645e-07	-66.951941
22900	2.0261413e-07	-66.933303
22920	2.0348685e-07	-66.914637
22940	2.0436465e-07	-66.895942
22960	2.0524757e-07	-66.87722
22980	2.0613564e-07	-66.858469
23000	2.0702891e-07	-66.83969
23020	2.0792742e-07	-66.820882
23040	2.088312e-07	-66.802046
23060	2.097403e-07	-66.783181
23080	2.1065476e-07	-66.764287
23100	2.1157462e-07	-66.745364
23120	2.1249991e-07	-66.726412
23140	2.1343069e-07	-66.707431
23160	2.1436699e-07	-66.688421
23180	2.1530885e-07	-66.669381
23200	2.1625633e-07	-66.650312
23220	2.1720946e-07	-66.631213
23240	2.1816828e-07	-66.612084
23260	2.1913285e-07	-66.592925
23280	2.201032e-07	-66.573736
23300	2.2107938e-07	-66.554518
23320	2.2206144e-07	-66.535268
23340	2.2304943e-07	-66.515989
23360	2.2404338e-07	-66.496679
23380	2.2504335e-07	-66.477338
23400	2.2604938e-07	-66.457967
23420	2.2706153e-07	-66.438564
23440	2.2807984e-07	-66.419131
23460	2.2910435e-07	-66.399667
23480	2.3013512e-07	-66.380171
23500	2.3117221e-07	-66.360644
23520	2.3221565e-07	-66.341085
23540	2.332655e-07	-66.321495
23560	2.3432181e-07	-66.301873
23580	2.3538463e-07	-66.282219
23600	2.3645402e-07	-66.262533
23620	2.3753003e-07	-66.242815
23640	2.3861271e-07	-66.223064
23660	2.3970212e-07	-66.203281
23680	2.407983e-07	-66.183466
23700	2.4190132e-07	-66.163618
23720	2.4301123e-07	-66.143737
23740	2.4412809e-07	-66.123822
23760	2.4525195e-07	-66.103875
23780	2.4638287e-07	-66.083895
23800	2.4752092e-07	-66.063881
23820	2.4866613e-07	-66.043834
23840	2.4981859e-07	-66.023752
23860	2.5097834e-07	-66.003638
23880	2.5214545e-07	-65.983489
23900	2.5331998e-07	-65.963306
23920	2.5450198e-07	-65.943088
23940	2.5569153e-07	-65.922837
23960	2.5688868e-07	-65.90255
23980	2.580935e-07	-65.882229
24000	2.5930605e-07	-65.861873
24020	2.605264e-07	-65.841483
24040	2.6175461e-07	-65.821057
24060	2.6299075e-07	-65.800595
24080	2.6423488e-07	-65.780098
24100	2.6548708e-07	-65.759566
24120	2.6674741e-07	-65.738998
24140	2.6801594e-07	-65.718394
24160	2.6929274e-07	-65.697754
24180	2.7057788e-07	-65.677077
24200	2.7187143e-07	-65.656364
24220	2.7317347e-07	-65.635615
24240	2.7448407e-07	-65.614829
24260	2.7580329e-07	-65.594006
24280	2.7713122e-07	-65.573145
24300	2.7846793e-07	-65.552248
24320	2.7981349e-07	-65.531313
24340	2.8116799e-07	-65.510341
24360	2.825315e-07	-65.489331
24380	2.8390409e-07	-65.468283
24400	2.8528586e-07	-65.447198
24420	2.8667687e-07	-65.426073
24440	2.8807721e-07	-65.404911
24460	2.8948697e-07	-65.38371
24480	2.9090621e-07	-65.36247
24500	2.9233504e-07	-65.341191
24520	2.9377353e-07	-65.319873
24540	2.9522176e-07	-65.298516
24560	2.9667983e-07	-65.27712
24580	2.9814782e-07	-65.255684
24600	2.9962583e-07	-65.234208
24620	3.0111393e-07	-65.212692
24640	3.0261222e-07	-65.191135
24660	3.0412079e-07	-65.169539
24680	3.0563974e-07	-65.147902
24700	3.0716916e-07	-65.126224
24720	3.0870914e-07	-65.104505
24740	3.1025977e-07	-65.082745
24760	3.1182117e-07	-65.060944
24780	3.1339341e-07	-65.039101
24800	3.149766e-07	-65.017217
24820	3.1657085e-07	-64.995291
24840	3.1817625e-07	-64.973322
24860	3.197929e-07	-64.951312
24880	3.2142091e-07	-64.929259
24900	3.2306039e-07	-64.907163
24920	3.2471143e-07	-64.885024
24940	3.2637415e-07	-64.862842
24960	3.2804865e-07	-64.840617
24980	3.2973505e-07	-64.818349
25000	3.3143345e-07	-64.796037
25020	3.3314397e-07	-64.77368
25040	3.3486672e-07	-64.75128
25060	3.3660182e-07	-64.728835
25080	3.3834937e-07	-64.706346
25100	3.4010951e-07	-64.683812
25120	3.4188234e-07	-64.661233
25140	3.4366799e-07	-64.638609
25160	3.4546658e-07	-64.61594
25180	3.4727823e-07	-64.593224
25200	3.4910307e-07	-64.570463
25220	3.5094122e-07	-64.547656
25240	3.5279281e-07	-64.524803
25260	3.5465797e-07	-64.501903
25280	3.5653684e-07	-64.478956
25300	3.5842953e-07	-64.455962
25320	3.603362e-07	-64.432921
25340	3.6225696e-07	-64.409833
25360	3.6419197e-07	-64.386696
25380	3.6614135e-07	-64.363512
25400	3.6810525e-07	-64.34028
25420	3.7008381e-07	-64.316999
25440	3.7207717e-07	-64.29367
25460	3.7408549e-07	-64.270291
25480	3.761089e-07	-64.246864
25500	3.7814756e-07	-64.223387
25520	3.8020161e-07	-64.19986
25540	3.8227122e-07	-64.176284
25560	3.8435653e-07	-64.152657
25580	3.864577e-07	-64.12898
25600	3.885749e-07	-64.105253
25620	3.9070827e-07	-64.081474
25640	3.9285799e-07	-64.057644
25660	3.9502422e-07	-64.033763
25680	3.9720712e-07	-64.00983
25700	3.9940687e-07	-63.985845
25720	4.0162363e-07	-63.961807
25740	4.0385759e-07	-63.937718
25760	4.061089e-07	-63.913575
25780	4.0837776e-07	-63.889379
25800	4.1066434e-07	-63.86513
25820	4.1296883e-07	-63.840827
25840	4.152914e-07	-63.816471
25860	4.1763225e-07	-63.79206
25880	4.1999156e-07	-63.767594
25900	4.2236953e-07	-63.743074
25920	4.2476635e-07	-63.718499
25940	4.2718222e-07	-63.693868
25960	4.2961734e-07	-63.669182
25980	4.320719e-07	-63.64444
26000	4.3454612e-07	-63.619641
26020	4.370402e-07	-63.594786
26040	4.3955435e-07	-63.569874
26060	4.4208879e-07	-63.544905
26080	4.4464372e-07	-63.519878
26100	4.4721937e-07	-63.494794
26120	4.4981597e-07	-63.469651
26140	4.5243372e-07	-63.44445
26160	4.5507287e-07	-63.419191
26180	4.5773364e-07	-63.393872
26200	4.6041626e-07	-63.368493
26220	4.6312098e-07	-63.343055
26240	4.6584803e-07	-63.317557
26260	4.6859765e-07	-63.291999
26280	4.713701e-07	-63.26638
26300	4.7416562e-07	-63.240699
26320	4.7698446e-07	-63.214958
26340	4.7982688e-07	-63.189154
26360	4.8269314e-07	-63.163289
26380	4.8558351e-07	-63.137361
26400	4.8849825e-07	-63.11137
26420	4.9143764e-07	-63.085316
26440	4.9440194e-07	-63.059198
26460	4.9739145e-07	-63.033017
26480	5.0040643e-07	-63.006771
26500	5.0344718e-07	-62.980461
26520	5.0651399e-07	-62.954086
26540	5.0960715e-07	-62.927645
26560	5.1272696e-07	-62.901138
26580	5.1587373e-07	-62.874566
26600	5.1904776e-07	-62.847927
26620	5.2224936e-07	-62.821221
26640	5.2547886e-07	-62.794448
26660	5.2873656e-07	-62.767607
26680	5.3202281e-07	-62.740698
26700	5.3533792e-07	-62.71372
26720	5.3868223e-07	-62.686674
26740	5.4205608e-07	-62.659558
26760	5.4545982e-07	-62.632372
26780	5.488938e-07	-62.605117
26800	5.5235837e-07	-62.577791
26820	5.5585389e-07	-62.550394
26840	5.5938073e-07	-62.522925
26860	5.6293925e-07	-62.495385
26880	5.6652984e-07	-62.467772
26900	5.7015288e-07	-62.440087
26920	5.7380875e-07	-62.412328
26940	5.7749785e-07	-62.384496
26960	5.8122058e-07	-62.35659
26980	5.8497733e-07	-62.32861
27000	5.8876853e-07	-62.300554
27020	5.925946e-07	-62.272423
27040	5.9645595e-07	-62.244216
27060	6.0035301e-07	-62.215933
27080	6.0428623e-07	-62.187573
27100	6.0825604e-07	-62.159136
27120	6.122629e-07	-62.130621
27140	6.1630727e-07	-62.102027
27160	6.203896e-07	-62.073355
27180	6.2451038e-07	-62.044603
27200	6.2867007e-07	-62.015772
27220	6.3286918e-07	-61.986861
27240	6.3710818e-07	-61.957868
27260	6.4138759e-07	-61.928794
27280	6.4570791e-07	-61.899639
27300	6.5006966e-07	-61.870401
27320	6.5447337e-07	-61.84108
27340	6.5891957e-07	-61.811676
27360	6.634088e-07	-61.782188
27380	6.6794162e-07	-61.752615
27400	6.7251859e-07	-61.722957
27420	6.7714027e-07	-61.693214
27440	6.8180725e-07	-61.663384
27460	6.8652011e-07	-61.633467
27480	6.9127946e-07	-61.603463
27500	6.9608589e-07	-61.573372
27520	7.0094003e-07	-61.543191
27540	7.058425e-07	-61.512922
27560	7.1079395e-07	-61.482563
27580	7.1579501e-07	-61.452113
27600	7.2084636e-07	-61.421573
27620	7.2594865e-07	-61.390941
27640	7.3110258e-07	-61.360217
27660	7.3630883e-07	-61.3294
27680	7.4156812e-07	-61.29849
27700	7.4688114e-07	-61.267485
27720	7.5224864e-07	-61.236386
27740	7.5767136e-07	-61.205191
27760	7.6315004e-07	-61.173901
27780	7.6868546e-07	-61.142513
27800	7.742784e-07	-61.111029
27820	7.7992964e-07	-61.079446
27840	7.8563999e-07	-61.047764
27860	7.9141029e-07	-61.015983
27880	7.9724135e-07	-60.984102
27900	8.0313403e-07	-60.95212
27920	8.090892e-07	-60.920036
27940	8.1510773e-07	-60.88785
27960	8.2119052e-07	-60.855561
27980	8.2733848e-07	-60.823168
28000	8.3355254e-07	-60.79067
28020	8.3983364e-07	-60.758067
28040	8.4618275e-07	-60.725358
28060	8.5260084e-07	-60.692542
28080	8.590889e-07	-60.659619
28100	8.6564796e-07	-60.626587
28120	8.7227903e-07	-60.593446
28140	8.7898319e-07	-60.560194
28160	8.8576148e-07	-60.526832
28180	8.9261501e-07	-60.493358
28200	8.9954489e-07	-60.459772
28220	9.0655224e-07	-60.426072
28240	9.1363822e-07	-60.392257
28260	9.20804e-07	-60.358328
28280	9.2805077e-07	-60.324283
28300	9.3537976e-07	-60.29012
28320	9.427922e-07	-60.25584
28340	9.5028936e-07	-60.221441
28360	9.5787253e-07	-60.186923
28380	9.6554301e-07	-60.152284
28400	9.7330215e-07	-60.117523
28420	9.8115131e-07	-60.08264
28440	9.8909188e-07	-60.047634
28460	9.9712528e-07	-60.012503
28480	1.005253e-06	-59.977246
28500	1.0134764e-06	-59.941864
28520	1.021797e-06	-59.906354
28540	1.0302165e-06	-59.870715
28560	1.0387363e-06	-59.834947
28580	1.047358e-06	-59.799049
28600	1.0560832e-06	-59.763018
28620	1.0649137e-06	-59.726856
28640	1.0738511e-06	-59.690559
28660	1.0828971e-06	-59.654128
28680	1.0920535e-06	-59.617561
28700	1.1013221e-06	-59.580856
28720	1.1107047e-06	-59.544014
28740	1.1202032e-06	-59.507032
28760	1.1298195e-06	-59.469909
28780	1.1395555e-06	-59.432645
28800	1.1494133e-06	-59.395238
28820	1.1593948e-06	-59.357686
28840	1.1695022e-06	-59.31999
28860	1.1797374e-06	-59.282146
28880	1.1901028e-06	-59.244155
28900	1.2006006e-06	-59.206015
28920	1.2112328e-06	-59.167724
28940	1.222002e-06	-59.129281
28960	1.2329104e-06	-59.090685
28980	1.2439604e-06	-59.051935
29000	1.2551544e-06	-59.013028
29020	1.2664951e-06	-58.973965
29040	1.2779849e-06	-58.934743
29060	1.2896265e-06	-58.895361
29080	1.3014225e-06	-58.855817
29100	1.3133757e-06	-58.81611
29120	1.3254889e-06	-58.776239
29140	1.3377649e-06	-58.736202
29160	1.3502067e-06	-58.695997
29180	1.3628173e-06	-58.655624
29200	1.3755997e-06	-58.615079
29220	1.388557e-06	-58.574363
29240	1.4016925e-06	-58.533473
29260	1.4150094e-06	-58.492407
29280	1.428511e-06	-58.451164
29300	1.4422009e-06	-58.409742
29320	1.4560825e-06	-58.36814
29340	1.4701594e-06	-58.326356
29360	1.4844352e-06	-58.284388
29380	1.4989138e-06	-58.242233
29400	1.513599e-06	-58.199892
29420	1.5284947e-06	-58.157361
29440	1.543605e-06	-58.114638
29460	1.5589341e-06	-58.071723
29480	1.5744861e-06	-58.028612
29500	1.5902653e-06	-57.985304
29520	1.6062764e-06	-57.941797
29540	1.6225237e-06	-57.898089
29560	1.6390121e-06	-57.854179
29580	1.6557462e-06	-57.810062
29600	1.6727309e-06	-57.765739
29620	1.6899714e-06	-57.721206
29640	1.7074728e-06	-57.676462
29660	1.7252403e-06	-57.631504
29680	1.7432794e-06	-57.58633
29700	1.7615957e-06	-57.540938
29720	1.7801948e-06	-57.495325
29740	1.7990827e-06	-57.449489
29760	1.8182653e-06	-57.403428
29780	1.8377488e-06	-57.357138
29800	1.8575396e-06	-57.310619
29820	1.8776441e-06	-57.263867
29840	1.8980691e-06	-57.21688
29860	1.9188213e-06	-57.169655
29880	1.9399079e-06	-57.122189
29900	1.961336e-06	-57.07448
29920	1.9831132e-06	-57.026525
29940	2.005247e-06	-56.978321
29960	2.0277452e-06	-56.929866
29980	2.050616e-06	-56.881157
30000	2.0738676e-06	-56.83219
30020	2.0975086e-06	-56.782962
30040	2.1215478e-06	-56.733472
30060	2.1459941e-06	-56.683715
30080	2.1708568e-06	-56.633688
30100	2.1961455e-06	-56.583389
30120	2.2218699e-06	-56.532814
30140	2.2480403e-06	-56.481959
30160	2.274667e-06	-56.430822
30180	2.3017606e-06	-56.379398
30200	2.3293324e-06	-56.327685
30220	2.3573935e-06	-56.275679
30240	2.3859557e-06	-56.223376
30260	2.4150311e-06	-56.170773
30280	2.4446321e-06	-56.117865
30300	2.4747714e-06	-56.064649
30320	2.5054624e-06	-56.011121
30340	2.5367186e-06	-55.957277
30360	2.568554e-06	-55.903113
30380	2.6009831e-06	-55.848625
30400	2.6340209e-06	-55.793808
30420	2.6676827e-06	-55.738658
30440	2.7019846e-06	-55.683171
30460	2.7369429e-06	-55.627343
30480	2.7725745e-06	-55.571168
30500	2.8088971e-06	-55.514642
30520	2.8459287e-06	-55.45776
30540	2.8836879e-06	-55.400517
30560	2.9221942e-06	-55.342909
30580	2.9614675e-06	-55.28493
30600	3.0015285e-06	-55.226575
30620	3.0423985e-06	-55.167839
30640	3.0840996e-06	-55.108716
30660	3.1266548e-06	-55.049201
30680	3.1700876e-06	-54.989287
30700	3.2144226e-06	-54.92897
30720	3.2596852e-06	-54.868243
30740	3.3059016e-06	-54.807101
30760	3.3530992e-06	-54.745536
30780	3.401306e-06	-54.683543
30800	3.4505514e-06	-54.621115
30820	3.5008657e-06	-54.558246
30840	3.5522804e-06	-54.494928
30860	3.6048281e-06	-54.431154
30880	3.6585427e-06	-54.366919
30900	3.7134593e-06	-54.302213
30920	3.7696146e-06	-54.23703
30940	3.8270465e-06	-54.171363
30960	3.8857943e-06	-54.105202
30980	3.945899e-06	-54.03854
31000	4.0074033e-06	-53.971369
31020	4.0703515e-06	-53.903681
31040	4.1347897e-06	-53.835466
31060	4.2007658e-06	-53.766715
31080	4.2683298e-06	-53.69742
31100	4.3375338e-06	-53.627571
31120	4.408432e-06	-53.557159
31140	4.4810809e-06	-53.486172
31160	4.5555393e-06	-53.414602
31180	4.6318688e-06	-53.342437
31200	4.7101335e-06	-53.269668
31220	4.7904002e-06	-53.196282
31240	4.872739e-06	-53.122268
31260	4.9572228e-06	-53.047616
31280	5.0439279e-06	-52.972311
31300	5.1329341e-06	-52.896343
31320	5.224325e-06	-52.819698
31340	5.3181878e-06	-52.742363
31360	5.414614e-06	-52.664325
31380	5.5136994e-06	-52.585569
31400	5.6155444e-06	-52.506081
31420	5.7202542e-06	-52.425847
31440	5.8279393e-06	-52.34485
31460	5.9387155e-06	-52.263075
31480	6.0527045e-06	-52.180505
31500	6.1700341e-06	-52.097124
31520	6.2908386e-06	-52.012915
31540	6.4152594e-06	-51.927858
31560	6.5434451e-06	-51.841935
31580	6.6755524e-06	-51.755128
31600	6.8117461e-06	-51.667415
31620	6.9522002e-06	-51.578777
31640	7.097098e-06	-51.489192
31660	7.2466331e-06	-51.398637
31680	7.40101e-06	-51.30709
31700	7.5604448e-06	-51.214527
31720	7.7251659e-06	-51.120922
31740	7.8954152e-06	-51.02625
31760	8.0714489e-06	-50.930485
31780	8.2535382e-06	-50.833598
31800	8.4419712e-06	-50.735561
31820	8.6370534e-06	-50.636344
31840	8.8391095e-06	-50.535915
31860	9.0484845e-06	-50.434242
31880	9.2655456e-06	-50.33129
31900	9.490684e-06	-50.227025
31920	9.7243164e-06	-50.121409
31940	9.9668875e-06	-50.014404
31960	1.0218872e-05	-49.90597
31980	1.0480778e-05	-49.796065
32000	1.0753148e-05	-49.684644
32020	1.1036564e-05	-49.571661
32040	1.133165e-05	-49.457068
32060	1.1639075e-05	-49.340815
32080	1.1959558e-05	-49.222849
32100	1.2293873e-05	-49.103113
32120	1.2642854e-05	-48.981549
32140	1.30074e-05	-48.858095
32160	1.338848e-05	-48.732687
32180	1.3787145e-05	-48.605257
32200	1.420453e-05	-48.475731
32220	1.4641868e-05	-48.344035
32240	1.5100497e-05	-48.210088
32260	1.558187e-05	-48.073804
32280	1.6087574e-05	-47.935094
32300	1.6619337e-05	-47.793863
32320	1.7179048e-05	-47.650009
32340	1.7768776e-05	-47.503425
32360	1.8390791e-05	-47.353996
32380	1.9047587e-05	-47.2016
32400	1.9741909e-05	-47.046108
32420	2.047679e-05	-46.887381
32440	2.1255581e-05	-46.72527
32460	2.2081997e-05	-46.559617
32480	2.2960167e-05	-46.39025
32500	2.389469e-05	-46.216986
32520	2.4890704e-05	-46.039628
32540	2.5953959e-05	-45.857964
32560	2.7090919e-05	-45.671763
32580	2.8308863e-05	-45.480776
32600	2.9616019e-05	-45.284733
32620	3.1021718e-05	-45.083342
32640	3.2536581e-05	-44.876281
32660	3.4172742e-05	-44.663202
32680	3.5944116e-05	-44.443722
32700	3.7866737e-05	-44.217421
32720	3.9959155e-05	-43.983837
32740	4.2242936e-05	-43.742459
32760	4.4743285e-05	-43.492721
32780	4.748982e-05	-43.233995
32800	5.0517545e-05	-42.965578
32820	5.3868094e-05	-42.686684
32840	5.7591324e-05	-42.396429
32860	6.1747372e-05	-42.093815
32880	6.6409354e-05	-41.777707
32900	7.1666932e-05	-41.446812
32920	7.7631091e-05	-41.099643
32940	8.4440619e-05	-40.734486
32960	9.2271039e-05	-40.349346
32980	0.0001013471	-39.941887
33000	0.00011196057	-39.509349
33020	0.00012449606	-39.048444
33040	0.00013946941	-38.55521
33060	0.00015758604	-38.024823
33080	0.00017983227	-37.451324
33100	0.00020762288	-36.827248
33120	0.00024304834	-36.143073
33140	0.0002893075	-35.386403
33160	0.00035150428	-34.540694
33180	0.00043820746	-33.583202
33200	0.00056474467	-32.481479
33220	0.00076085511	-31.18698
33240	0.0010908374	-29.6224
33260	0.0017165586	-27.653414
33280	0.003151985	-25.014159
33300	0.0078546584	-21.048727
33320	0.048798014	-13.115979
33340	0.16190415	-7.9074201
33360	0.0104431	-19.811706
33380	0.0032983359	-24.817051
33400	0.0015487563	-28.100169
33420	0.00087358254	-30.586961
33440	0.00054725455	-32.618106
33460	0.00036658851	-34.358211
33480	0.00025702362	-35.90027
33500	0.00018609068	-37.302754
33520	0.00013785995	-38.605619
33540	0.00010379561	-39.83821
33560	7.9002114e-05	-41.023613
33580	6.0515805e-05	-42.181312
33600	4.6462112e-05	-43.329011
33620	3.5611606e-05	-44.484084
33640	2.7133317e-05	-45.664971
33660	2.0451333e-05	-46.892784
33680	1.51582e-05	-48.193524
33700	1.0960917e-05	-49.601531
33720	7.6463071e-06	-51.165483
33740	5.0583226e-06	-52.959935
33760	3.0829069e-06	-55.110396
33780	1.6378036e-06	-57.857382
33800	6.6570291e-07	-61.767195
33820	1.2973219e-07	-68.869523
33840	1.0681325e-08	-79.713749
33860	3.0560502e-07	-65.148395
33880	1.0276298e-06	-59.881633
33900	2.2069427e-06	-56.562089
33920	3.8930851e-06	-54.097061
33940	6.1588448e-06	-52.105007
33960	9.1062659e-06	-50.406597
33980	1.2875633e-05	-48.902314
34000	1.7658812e-05	-47.530385
34020	2.3719192e-05	-46.249001
34040	3.1421946e-05	-45.027669
34060	4.1280924e-05	-43.842506
34080	5.4033201e-05	-42.673393
34100	7.0761325e-05	-41.50204
34120	9.3101169e-05	-40.310449
34140	0.00012361076	-39.079437
34160	0.00016645893	-37.786929
34180	0.00022879249	-36.405582
34200	0.00032366378	-34.899059
34220	0.00047692784	-33.215473
34240	0.00074566019	-31.27459
34260	0.0012765915	-28.939481
34280	0.002545707	-25.941916
34300	0.0068804971	-21.623802
34320	0.046324039	-13.341936
34340	0.16650072	-7.7858389
34360	0.01163533	-19.342213
34380	0.0039835365	-23.997312
34400	0.0020296271	-26.925838
34420	0.0012440613	-29.051582
34440	0.00084859927	-30.712973
34460	0.0006205603	-32.07216
34480	0.00047649612	-33.219406
34500	0.00037930642	-34.210098
34520	0.00031041037	-35.080638
34540	0.0002596445	-35.856209
34560	0.0002210579	-36.55494
34580	0.00019097206	-37.190302
34600	0.00016701021	-37.77257
34620	0.00014757909	-38.309752
34640	0.00013157686	-38.808205
34660	0.00011822093	-39.273056
34680	0.00010694246	-39.708498
34700	9.7319535e-05	-40.118
34720	8.9033568e-05	-40.504462
34740	8.184016e-05	-40.870335
34760	7.5549134e-05	-41.217705
34780	7.0010605e-05	-41.548362
34800	6.510507e-05	-41.863852
34820	6.0736242e-05	-42.165521
34840	5.682579e-05	-42.454545
34860	5.3309428e-05	-42.73196
34880	5.0133971e-05	-42.998679
34900	4.7255084e-05	-43.255515
34920	4.4635553e-05	-43.503191
34940	4.2243943e-05	-43.742356
34960	4.005354e-05	-43.973591
34980	3.8041513e-05	-44.197422
35000	3.6188252e-05	-44.414324
35020	3.4476827e-05	-44.624727
35040	3.2892556e-05	-44.829024
35060	3.1422651e-05	-45.027572
35080	3.005593e-05	-45.220698
35100	2.8782575e-05	-45.408704
35120	2.7593937e-05	-45.591863
35140	2.6482369e-05	-45.770432
35160	2.5441088e-05	-45.944643
35180	2.4464058e-05	-46.114715
35200	2.3545893e-05	-46.280848
35220	2.2681776e-05	-46.44323
35240	2.186738e-05	-46.602032
35260	2.1098818e-05	-46.757419
35280	2.037258e-05	-46.90954
35300	1.9685499e-05	-47.058536
35320	1.9034701e-05	-47.20454
35340	1.841758e-05	-47.347674
35360	1.7831766e-05	-47.488056
35380	1.7275097e-05	-47.625795
35400	1.6745601e-05	-47.760993
35420	1.6241473e-05	-47.893746
35440	1.576106e-05	-48.024146
35460	1.5302842e-05	-48.152279
35480	1.4865426e-05	-48.278226
35500	1.4447526e-05	-48.402065
35520	1.4047957e-05	-48.523868
35540	1.3665626e-05	-48.643705
35560	1.3299521e-05	-48.76164
35580	1.2948705e-05	-48.877736
35600	1.261231e-05	-48.992054
35620	1.228953e-05	-49.104647
35640	1.1979614e-05	-49.215572
35660	1.1681867e-05	-49.324877
35680	1.1395638e-05	-49.432614
35700	1.1120321e-05	-49.538827
35720	1.0855352e-05	-49.643561
35740	1.0600201e-05	-49.746859
35760	1.0354374e-05	-49.848761
35780	1.0117408e-05	-49.949307
35800	9.8888694e-06	-50.048534
35820	9.6683505e-06	-50.146476
35840	9.4554693e-06	-50.243169
35860	9.2498665e-06	-50.338645
35880	9.051204e-06	-50.432936
35900	8.8591639e-06	-50.526073
35920	8.6734464e-06	-50.618083
35940	8.493769e-06	-50.708996
35960	8.3198649e-06	-50.798837
35980	8.1514825e-06	-50.887634
36000	7.9883839e-06	-50.975411
36020	7.8303441e-06	-51.062192
36040	7.6771502e-06	-51.148
36060	7.5286008e-06	-51.232857
36080	7.3845047e-06	-51.316786
36100	7.2446811e-06	-51.399807
36120	7.1089581e-06	-51.48194
36140	6.9771727e-06	-51.563205
36160	6.8491701e-06	-51.643621
36180	6.724803e-06	-51.723204
36200	6.6039316e-06	-51.801974
36220	6.4864226e-06	-51.879948
36240	6.3721495e-06	-51.95714
36260	6.2609914e-06	-52.033569
36280	6.1528334e-06	-52.109248
36300	6.0475657e-06	-52.184194
36320	5.9450838e-06	-52.25842
36340	5.8452879e-06	-52.331941
36360	5.7480826e-06	-52.40477
36380	5.6533769e-06	-52.476921
36400	5.5610838e-06	-52.548406
36420	5.4711201e-06	-52.619238
36440	5.3834062e-06	-52.689429
36460	5.297866e-06	-52.75899
36480	5.2144267e-06	-52.827934
36500	5.1330183e-06	-52.896272
36520	5.0535741e-06	-52.964014
36540	4.9760299e-06	-53.03117
36560	4.9003243e-06	-53.097752
36580	4.8263983e-06	-53.163768
36600	4.7541953e-06	-53.22923
36620	4.683661e-06	-53.294145
36640	4.6147434e-06	-53.358524
36660	4.5473923e-06	-53.422376
36680	4.4815595e-06	-53.485708
36700	4.4171988e-06	-53.548531
36720	4.3542658e-06	-53.610851
36740	4.2927175e-06	-53.672677
36760	4.2325129e-06	-53.734017
36780	4.1736123e-06	-53.794879
36800	4.1159775e-06	-53.85527
36820	4.0595718e-06	-53.915198
36840	4.0043598e-06	-53.974669
36860	3.9503073e-06	-54.033691
36880	3.8973815e-06	-54.092271
36900	3.8455506e-06	-54.150415
36920	3.794784e-06	-54.208129
36940	3.7450523e-06	-54.265421
36960	3.6963269e-06	-54.322296
36980	3.6485804e-06	-54.378761
37000	3.6017861e-06	-54.434821
37020	3.5559185e-06	-54.490482
37040	3.5109528e-06	-54.54575
37060	3.466865e-06	-54.600631
37080	3.423632e-06	-54.655129
37100	3.3812315e-06	-54.709251
37120	3.3396417e-06	-54.763001
37140	3.2988418e-06	-54.816385
37160	3.2588115e-06	-54.869408
37180	3.2195312e-06	-54.922074
37200	3.180982e-06	-54.974388
37220	3.1431455e-06	-55.026355
37240	3.1060039e-06	-55.07798
37260	3.0695401e-06	-55.129267
37280	3.0337372e-06	-55.18022
37300	2.9985792e-06	-55.230845
37320	2.9640504e-06	-55.281144
37340	2.9301355e-06	-55.331123
37360	2.89682e-06	-55.380785
37380	2.8640894e-06	-55.430134
37400	2.8319299e-06	-55.479175
37420	2.8003281e-06	-55.527911
37440	2.769271e-06	-55.576345
37460	2.7387458e-06	-55.624483
37480	2.7087403e-06	-55.672326
37500	2.6792426e-06	-55.71988
37520	2.6502411e-06	-55.767146
37540	2.6217244e-06	-55.81413
37560	2.5936818e-06	-55.860833
37580	2.5661025e-06	-55.90726
37600	2.5389762e-06	-55.953414
37620	2.5122929e-06	-55.999297
37640	2.4860429e-06	-56.044914
37660	2.4602166e-06	-56.090266
37680	2.4348049e-06	-56.135358
37700	2.4097987e-06	-56.180192
37720	2.3851894e-06	-56.224771
37740	2.3609684e-06	-56.269098
37760	2.3371275e-06	-56.313176
37780	2.3136587e-06	-56.357007
37800	2.2905541e-06	-56.400595
37820	2.267806e-06	-56.443941
37840	2.2454072e-06	-56.487049
37860	2.2233503e-06	-56.529921
37880	2.2016283e-06	-56.57256
37900	2.1802344e-06	-56.614968
37920	2.1591618e-06	-56.657148
37940	2.1384042e-06	-56.699102
37960	2.117955e-06	-56.740833
37980	2.0978083e-06	-56.782342
38000	2.0779578e-06	-56.823633
38020	2.0583978e-06	-56.864707
38040	2.0391226e-06	-56.905567
38060	2.0201264e-06	-56.946215
38080	2.001404e-06	-56.986652
38100	1.9829499e-06	-57.026883
38120	1.964759e-06	-57.066907
38140	1.9468263e-06	-57.106728
38160	1.9291467e-06	-57.146347
38180	1.9117156e-06	-57.185767
38200	1.8945281e-06	-57.22499
38220	1.8775797e-06	-57.264016
38240	1.8608658e-06	-57.302849
38260	1.8443823e-06	-57.341491
38280	1.8281246e-06	-57.379942
38300	1.8120888e-06	-57.418205
38320	1.7962706e-06	-57.456282
38340	1.7806662e-06	-57.494175
38360	1.7652716e-06	-57.531885
38380	1.750083e-06	-57.569414
38400	1.7350967e-06	-57.606763
38420	1.7203091e-06	-57.643935
38440	1.7057166e-06	-57.680931
38460	1.6913158e-06	-57.717753
38480	1.6771032e-06	-57.754402
38500	1.6630756e-06	-57.79088
38520	1.6492297e-06	-57.827188
38540	1.6355624e-06	-57.863329
38560	1.6220704e-06	-57.899303
38580	1.6087509e-06	-57.935112
38600	1.5956008e-06	-57.970758
38620	1.5826172e-06	-58.006241
38640	1.5697973e-06	-58.041564
38660	1.5571383e-06	-58.076728
38680	1.5446375e-06	-58.111734
38700	1.5322922e-06	-58.146584
38720	1.5200998e-06	-58.181279
38740	1.5080577e-06	-58.21582
38760	1.4961636e-06	-58.250209
38780	1.4844148e-06	-58.284447
38800	1.472809e-06	-58.318536
38820	1.461344e-06	-58.352476
38840	1.4500172e-06	-58.386268
38860	1.4388267e-06	-58.419915
38880	1.42777e-06	-58.453418
38900	1.4168451e-06	-58.486776
38920	1.4060498e-06	-58.519993
38940	1.3953821e-06	-58.553069
38960	1.3848399e-06	-58.586004
38980	1.3744213e-06	-58.618801
39000	1.3641243e-06	-58.651461
39020	1.3539469e-06	-58.683984
39040	1.3438874e-06	-58.716371
39060	1.3339438e-06	-58.748625
39080	1.3241144e-06	-58.780745
39100	1.3143974e-06	-58.812733
39120	1.304791e-06	-58.84459
39140	1.2952937e-06	-58.876318
39160	1.2859036e-06	-58.907916
39180	1.2766192e-06	-58.939386
39200	1.2674389e-06	-58.97073
39220	1.258361e-06	-59.001947
39240	1.2493841e-06	-59.03304
39260	1.2405067e-06	-59.064009
39280	1.2317272e-06	-59.094855
39300	1.2230442e-06	-59.125578
39320	1.2144563e-06	-59.156181
39340	1.205962e-06	-59.186664
39360	1.19756e-06	-59.217027
39380	1.189249e-06	-59.247272
39400	1.1810276e-06	-59.2774
39420	1.1728944e-06	-59.307411
39440	1.1648483e-06	-59.337306
39460	1.156888e-06	-59.367087
39480	1.1490122e-06	-59.396753
39500	1.1412198e-06	-59.426307
39520	1.1335095e-06	-59.455748
39540	1.1258801e-06	-59.485078
39560	1.1183306e-06	-59.514298
39580	1.1108598e-06	-59.543407
39600	1.1034666e-06	-59.572408
39620	1.0961499e-06	-59.6013
39640	1.0889087e-06	-59.630086
39660	1.0817418e-06	-59.658764
39680	1.0746483e-06	-59.687337
39700	1.0676271e-06	-59.715804
39720	1.0606773e-06	-59.744167
39740	1.0537979e-06	-59.772427
39760	1.0469879e-06	-59.800583
39780	1.0402464e-06	-59.828638
39800	1.0335724e-06	-59.856591
39820	1.026965e-06	-59.884444
39840	1.0204234e-06	-59.912196
39860	1.0139466e-06	-59.939849
39880	1.0075338e-06	-59.967404
39900	1.0011842e-06	-59.99486
39920	9.9489679e-07	-60.02222
39940	9.886709e-07	-60.049482
39960	9.8250567e-07	-60.076649
39980	9.764003e-07	-60.103721
40000	9.7035401e-07	-60.130698
40020	9.6436603e-07	-60.157581
40040	9.584356e-07	-60.184371
40060	9.5256197e-07	-60.211068
40080	9.4674441e-07	-60.237672
40100	9.409822e-07	-60.264186
40120	9.3527463e-07	-60.290608
40140	9.29621e-07	-60.316941
40160	9.2402062e-07	-60.343183
40180	9.1847282e-07	-60.369337
40200	9.1297692e-07	-60.395402
40220	9.0753228e-07	-60.421379
40240	9.0213824e-07	-60.447269
40260	8.9679419e-07	-60.473072
40280	8.9149948e-07	-60.498789
40300	8.8625351e-07	-60.52442
40320	8.8105566e-07	-60.549967
40340	8.7590536e-07	-60.575428
40360	8.70802e-07	-60.600806
40380	8.6574501e-07	-60.6261
40400	8.6073382e-07	-60.651311
40420	8.5576788e-07	-60.67644
40440	8.5084663e-07	-60.701487
40460	8.4596953e-07	-60.726453
40480	8.4113604e-07	-60.751338
40500	8.3634564e-07	-60.776142
40520	8.3159781e-07	-60.800867
40540	8.2689204e-07	-60.825512
40560	8.2222782e-07	-60.850078
40580	8.1760467e-07	-60.874566
40600	8.1302209e-07	-60.898977
40620	8.0847961e-07	-60.923309
40640	8.0397674e-07	-60.947565
40660	7.9951303e-07	-60.971745
40680	7.9508802e-07	-60.995848
40700	7.9070124e-07	-61.019876
40720	7.8635226e-07	-61.043829
40740	7.8204064e-07	-61.067707
40760	7.7776594e-07	-61.091511
40780	7.7352773e-07	-61.115241
40800	7.693256e-07	-61.138898
40820	7.6515913e-07	-61.162482
40840	7.6102792e-07	-61.185994
40860	7.5693155e-07	-61.209434
40880	7.5286964e-07	-61.232802
40900	7.4884179e-07	-61.256099
40920	7.4484761e-07	-61.279326
40940	7.4088674e-07	-61.302482
40960	7.3695878e-07	-61.325568
40980	7.3306338e-07	-61.348585
41000	7.2920016e-07	-61.371532
41020	7.2536878e-07	-61.394411
41040	7.2156887e-07	-61.417222
41060	7.1780008e-07	-61.439965
41080	7.1406208e-07	-61.46264
41100	7.1035452e-07	-61.485249
41120	7.0667706e-07	-61.50779
41140	7.0302939e-07	-61.530265
41160	6.9941116e-07	-61.552674
41180	6.9582207e-07	-61.575018
41200	6.9226179e-07	-61.597296
41220	6.8873001e-07	-61.61951
41240	6.8522642e-07	-61.641659
41260	6.8175073e-07	-61.663744
41280	6.7830262e-07	-61.685765
41300	6.7488181e-07	-61.707723
41320	6.71488e-07	-61.729617
41340	6.6812091e-07	-61.751449
41360	6.6478025e-07	-61.773219
41380	6.6146573e-07	-61.794926
41400	6.5817709e-07	-61.816572
41420	6.5491405e-07	-61.838157
41440	6.5167635e-07	-61.85968
41460	6.484637e-07	-61.881143
41480	6.4527587e-07	-61.902546
41500	6.4211258e-07	-61.923888
41520	6.3897357e-07	-61.945171
41540	6.3585861e-07	-61.966394
41560	6.3276744e-07	-61.987559
41580	6.2969981e-07	-62.008664
41600	6.2665548e-07	-62.029712
41620	6.2363421e-07	-62.050701
41640	6.2063577e-07	-62.071632
41660	6.1765992e-07	-62.092506
41680	6.1470644e-07	-62.113322
41700	6.1177509e-07	-62.134082
41720	6.0886566e-07	-62.154785
41740	6.0597792e-07	-62.175432
41760	6.0311165e-07	-62.196023
41780	6.0026663e-07	-62.216558
41800	5.9744266e-07	-62.237038
41820	5.9463952e-07	-62.257462
41840	5.9185701e-07	-62.277832
41860	5.8909492e-07	-62.298147
41880	5.8635305e-07	-62.318408
41900	5.8363119e-07	-62.338615
41920	5.8092916e-07	-62.358768
41940	5.7824675e-07	-62.378868
41960	5.7558377e-07	-62.398915
41980	5.7294004e-07	-62.418908
42000	5.7031536e-07	-62.438849
42020	5.6770955e-07	-62.458738
42040	5.6512242e-07	-62.478575
42060	5.625538e-07	-62.498359
42080	5.6000351e-07	-62.518093
42100	5.5747136e-07	-62.537774
42120	5.5495719e-07	-62.557405
42140	5.5246082e-07	-62.576985
42160	5.4998208e-07	-62.596515
42180	5.475208e-07	-62.615994
42200	5.4507682e-07	-62.635423
42220	5.4264997e-07	-62.654802
42240	5.4024009e-07	-62.674132
42260	5.3784702e-07	-62.693412
42280	5.3547061e-07	-62.712644
42300	5.3311068e-07	-62.731826
42320	5.307671e-07	-62.75096
42340	5.284397e-07	-62.770046
42360	5.2612834e-07	-62.789083
42380	5.2383286e-07	-62.808073
42400	5.2155312e-07	-62.827014
42420	5.1928898e-07	-62.845909
42440	5.1704028e-07	-62.864756
42460	5.1480689e-07	-62.883557
42480	5.1258866e-07	-62.90231
42500	5.1038546e-07	-62.921017
42520	5.0819714e-07	-62.939678
42540	5.0602358e-07	-62.958292
42560	5.0386463e-07	-62.976861
42580	5.0172017e-07	-62.995384
42600	4.9959006e-07	-63.013862
42620	4.9747418e-07	-63.032295
42640	4.9537238e-07	-63.050682
42660	4.9328456e-07	-63.069025
42680	4.9121058e-07	-63.087323
42700	4.8915031e-07	-63.105577
42720	4.8710364e-07	-63.123786
42740	4.8507044e-07	-63.141952
42760	4.830506e-07	-63.160074
42780	4.8104399e-07	-63.178152
42800	4.790505e-07	-63.196187
42820	4.7707001e-07	-63.214179
42840	4.751024e-07	-63.232128
42860	4.7314757e-07	-63.250034
42880	4.7120541e-07	-63.267897
42900	4.6927579e-07	-63.285719
42920	4.6735861e-07	-63.303498
42940	4.6545376e-07	-63.321235
42960	4.6356114e-07	-63.33893
42980	4.6168063e-07	-63.356583
43000	4.5981214e-07	-63.374196
43020	4.5795556e-07	-63.391767
43040	4.5611079e-07	-63.409297
43060	4.5427772e-07	-63.426786
43080	4.5245625e-07	-63.444234
43100	4.5064629e-07	-63.461642
43120	4.4884774e-07	-63.47901
43140	4.4706049e-07	-63.496337
43160	4.4528446e-07	-63.513625
43180	4.4351955e-07	-63.530872
43200	4.4176566e-07	-63.548081
43220	4.400227e-07	-63.565249
43240	4.3829057e-07	-63.582379
43260	4.365692e-07	-63.599469
43280	4.3485848e-07	-63.616521
43300	4.3315833e-07	-63.633533
43320	4.3146866e-07	-63.650507
43340	4.2978938e-07	-63.667443
43360	4.2812041e-07	-63.684341
43380	4.2646165e-07	-63.7012
43400	4.2481303e-07	-63.718022
43420	4.2317446e-07	-63.734806
43440	4.2154586e-07	-63.751552
43460	4.1992714e-07	-63.768261
43480	4.1831823e-07	-63.784932
43500	4.1671904e-07	-63.801567
43520	4.151295e-07	-63.818164
43540	4.1354952e-07	-63.834725
43560	4.1197903e-07	-63.851249
43580	4.1041795e-07	-63.867737
43600	4.088662e-07	-63.884188
43620	4.0732372e-07	-63.900603
43640	4.0579041e-07	-63.916982
43660	4.0426622e-07	-63.933325
43680	4.0275106e-07	-63.949633
43700	4.0124487e-07	-63.965905
43720	3.9974756e-07	-63.982142
43740	3.9825908e-07	-63.998343
43760	3.9677935e-07	-64.014509
43780	3.953083e-07	-64.030641
43800	3.9384586e-07	-64.046737
43820	3.9239197e-07	-64.062799
43840	3.9094655e-07	-64.078826
43860	3.8950954e-07	-64.094819
43880	3.8808087e-07	-64.110778
43900	3.8666048e-07	-64.126702
43920	3.852483e-07	-64.142593
43940	3.8384427e-07	-64.158449
43960	3.8244832e-07	-64.174272
43980	3.8106039e-07	-64.190062
44000	3.7968042e-07	-64.205818
44020	3.7830835e-07	-64.221541
44040	3.7694411e-07	-64.23723
44060	3.7558765e-07	-64.252887
44080	3.742389e-07	-64.268511
44100	3.7289781e-07	-64.284102
44120	3.7156432e-07	-64.29966
44140	3.7023836e-07	-64.315186
44160	3.6891988e-07	-64.330679
44180	3.6760882e-07	-64.346141
44200	3.6630513e-07	-64.36157
44220	3.6500875e-07	-64.376967
44240	3.6371963e-07	-64.392333
44260	3.6243771e-07	-64.407666
44280	3.6116293e-07	-64.422968
44300	3.5989524e-07	-64.438239
44320	3.5863459e-07	-64.453478
44340	3.5738092e-07	-64.468686
44360	3.5613419e-07	-64.483863
44380	3.5489433e-07	-64.499009
44400	3.5366131e-07	-64.514125
44420	3.5243506e-07	-64.529209
44440	3.5121554e-07	-64.544263
44460	3.5000269e-07	-64.559286
44480	3.4879648e-07	-64.574279
44500	3.4759684e-07	-64.589242
44520	3.4640373e-07	-64.604174
44540	3.4521711e-07	-64.619077
44560	3.4403692e-07	-64.63395
44580	3.4286311e-07	-64.648792
44600	3.4169564e-07	-64.663606
44620	3.4053447e-07	-64.678389
44640	3.3937954e-07	-64.693143
44660	3.3823082e-07	-64.707868
44680	3.3708825e-07	-64.722564
44700	3.359518e-07	-64.73723
44720	3.3482141e-07	-64.751868
44740	3.3369704e-07	-64.766476
44760	3.3257866e-07	-64.781056
44780	3.3146621e-07	-64.795607
44800	3.3035965e-07	-64.81013
44820	3.2925895e-07	-64.824624
44840	3.2816406e-07	-64.83909
44860	3.2707493e-07	-64.853527
44880	3.2599153e-07	-64.867937
44900	3.2491382e-07	-64.882318
44920	3.2384175e-07	-64.896672
44940	3.2277529e-07	-64.910997
44960	3.2171439e-07	-64.925295
44980	3.2065902e-07	-64.939565
45000	3.1960914e-07	-64.953808
45020	3.185647e-07	-64.968023
45040	3.1752568e-07	-64.982211
45060	3.1649203e-07	-64.996372
45080	3.1546371e-07	-65.010506
45100	3.1444068e-07	-65.024613
45120	3.1342292e-07	-65.038692
45140	3.1241038e-07	-65.052745
45160	3.1140303e-07	-65.066772
45180	3.1040083e-07	-65.080771
45200	3.0940374e-07	-65.094744
45220	3.0841173e-07	-65.108691
45240	3.0742477e-07	-65.122611
45260	3.0644282e-07	-65.136506
45280	3.0546584e-07	-65.150374
45300	3.044938e-07	-65.164215
45320	3.0352667e-07	-65.178031
45340	3.0256441e-07	-65.191822
45360	3.0160699e-07	-65.205586
45380	3.0065438e-07	-65.219325
45400	2.9970655e-07	-65.233038
45420	2.9876345e-07	-65.246725
45440	2.9782507e-07	-65.260388
45460	2.9689136e-07	-65.274024
45480	2.959623e-07	-65.287636
45500	2.9503785e-07	-65.301223
45520	2.9411798e-07	-65.314784
45540	2.9320267e-07	-65.328321
45560	2.9229188e-07	-65.341832
45580	2.9138558e-07	-65.355319
45600	2.9048375e-07	-65.368782
45620	2.8958634e-07	-65.382219
45640	2.8869334e-07	-65.395632
45660	2.8780471e-07	-65.409021
45680	2.8692042e-07	-65.422385
45700	2.8604045e-07	-65.435726
45720	2.8516476e-07	-65.449041
45740	2.8429333e-07	-65.462333
45760	2.8342613e-07	-65.475601
45780	2.8256314e-07	-65.488845
45800	2.8170431e-07	-65.502065
45820	2.8084964e-07	-65.515261
45840	2.7999908e-07	-65.528434
45860	2.7915262e-07	-65.541583
45880	2.7831022e-07	-65.554708
45900	2.7747186e-07	-65.567811
45920	2.7663751e-07	-65.580889
45940	2.7580715e-07	-65.593945
45960	2.7498076e-07	-65.606977
45980	2.7415829e-07	-65.619986
46000	2.7333974e-07	-65.632972
46020	2.7252507e-07	-65.645935
46040	2.7171426e-07	-65.658876
46060	2.7090729e-07	-65.671793
46080	2.7010412e-07	-65.684688
46100	2.6930475e-07	-65.69756
46120	2.6850913e-07	-65.710409
46140	2.6771725e-07	-65.723236
46160	2.6692908e-07	-65.736041
46180	2.661446e-07	-65.748823
46200	2.6536379e-07	-65.761583
46220	2.6458663e-07	-65.774321
46240	2.6381308e-07	-65.787037
46260	2.6304313e-07	-65.79973
46280	2.6227675e-07	-65.812402
46300	2.6151393e-07	-65.825052
46320	2.6075463e-07	-65.83768
46340	2.5999884e-07	-65.850286
46360	2.5924654e-07	-65.86287
46380	2.584977e-07	-65.875433
46400	2.577523e-07	-65.887975
46420	2.5701032e-07	-65.900494
46440	2.5627174e-07	-65.912993
46460	2.5553654e-07	-65.92547
46480	2.5480469e-07	-65.937926
46500	2.5407618e-07	-65.95036
46520	2.5335099e-07	-65.962774
46540	2.5262909e-07	-65.975166
46560	2.5191046e-07	-65.987538
46580	2.5119509e-07	-65.999889
46600	2.5048295e-07	-66.012218
46620	2.4977403e-07	-66.024527
46640	2.490683e-07	-66.036815
46660	2.4836574e-07	-66.049083
46680	2.4766634e-07	-66.06133
46700	2.4697008e-07	-66.073557
46720	2.4627693e-07	-66.085763
46740	2.4558688e-07	-66.097948
46760	2.4489991e-07	-66.110114
46780	2.44216e-07	-66.122259
46800	2.4353514e-07	-66.134384
46820	2.4285729e-07	-66.146489
46840	2.4218245e-07	-66.158573
46860	2.415106e-07	-66.170638
46880	2.4084172e-07	-66.182683
46900	2.4017579e-07	-66.194708
46920	2.3951279e-07	-66.206713
46940	2.3885271e-07	-66.218698
46960	2.3819552e-07	-66.230664
46980	2.3754122e-07	-66.24261
47000	2.3688978e-07	-66.254537
47020	2.3624119e-07	-66.266444
47040	2.3559543e-07	-66.278331
47060	2.3495248e-07	-66.2902
47080	2.3431233e-07	-66.302049
47100	2.3367496e-07	-66.313878
47120	2.3304035e-07	-66.325689
47140	2.3240849e-07	-66.33748
47160	2.3177936e-07	-66.349252
47180	2.3115295e-07	-66.361006
47200	2.3052923e-07	-66.37274
47220	2.299082e-07	-66.384455
47240	2.2928984e-07	-66.396152
47260	2.2867412e-07	-66.40783
47280	2.2806105e-07	-66.419489
47300	2.2745059e-07	-66.431129
47320	2.2684274e-07	-66.442751
47340	2.2623749e-07	-66.454354
47360	2.256348e-07	-66.465939
47380	2.2503468e-07	-66.477505
47400	2.244371e-07	-66.489053
47420	2.2384206e-07	-66.500583
47440	2.2324953e-07	-66.512094
47460	2.226595e-07	-66.523588
47480	2.2207197e-07	-66.535063
47500	2.214869e-07	-66.54652
47520	2.209043e-07	-66.557958
47540	2.2032414e-07	-66.569379
47560	2.1974641e-07	-66.580782
47580	2.1917109e-07	-66.592167
47600	2.1859819e-07	-66.603534
47620	2.1802767e-07	-66.614884
47640	2.1745953e-07	-66.626216
47660	2.1689375e-07	-66.63753
47680	2.1633032e-07	-66.648826
47700	2.1576922e-07	-66.660105
47720	2.1521045e-07	-66.671366
47740	2.1465399e-07	-66.68261
47760	2.1409983e-07	-66.693837
47780	2.1354795e-07	-66.705046
47800	2.1299834e-07	-66.716238
47820	2.1245099e-07	-66.727412
47840	2.1190589e-07	-66.73857
47860	2.1136302e-07	-66.74971
47880	2.1082237e-07	-66.760833
47900	2.1028393e-07	-66.771939
47920	2.0974768e-07	-66.783028
47940	2.0921362e-07	-66.7941
47960	2.0868173e-07	-66.805156
47980	2.08152e-07	-66.816194
48000	2.0762442e-07	-66.827216
48020	2.0709897e-07	-66.838221
48040	2.0657565e-07	-66.849209
48060	2.0605444e-07	-66.86018
48080	2.0553533e-07	-66.871135
48100	2.0501831e-07	-66.882073
48120	2.0450337e-07	-66.892995
48140	2.039905e-07	-66.903901
48160	2.0347968e-07	-66.91479
48180	2.029709e-07	-66.925662
48200	2.0246416e-07	-66.936518
48220	2.0195944e-07	-66.947358
48240	2.0145673e-07	-66.958182
48260	2.0095602e-07	-66.96899
48280	2.004573e-07	-66.979781
48300	1.9996055e-07	-66.990557
48320	1.9946578e-07	-67.001316
48340	1.9897296e-07	-67.012059
48360	1.9848209e-07	-67.022787
48380	1.9799315e-07	-67.033498
48400	1.9750614e-07	-67.044194
48420	1.9702104e-07	-67.054874
48440	1.9653785e-07	-67.065538
48460	1.9605656e-07	-67.076186
48480	1.9557715e-07	-67.086819
48500	1.9509961e-07	-67.097436
48520	1.9462394e-07	-67.108037
48540	1.9415012e-07	-67.118623
48560	1.9367815e-07	-67.129194
48580	1.9320801e-07	-67.139749
48600	1.927397e-07	-67.150288
48620	1.922732e-07	-67.160812
48640	1.9180851e-07	-67.171321
48660	1.9134561e-07	-67.181815
48680	1.908845e-07	-67.192293
48700	1.9042517e-07	-67.202756
48720	1.8996761e-07	-67.213204
48740	1.8951181e-07	-67.223637
48760	1.8905776e-07	-67.234055
48780	1.8860544e-07	-67.244458
48800	1.8815486e-07	-67.254846
48820	1.87706e-07	-67.265218
48840	1.8725886e-07	-67.275576
48860	1.8681342e-07	-67.285919
48880	1.8636967e-07	-67.296248
48900	1.8592761e-07	-67.306561
48920	1.8548723e-07	-67.31686
48940	1.8504852e-07	-67.327144
48960	1.8461147e-07	-67.337413
48980	1.8417607e-07	-67.347668
49000	1.8374232e-07	-67.357908
49020	1.833102e-07	-67.368134
49040	1.8287971e-07	-67.378345
49060	1.8245083e-07	-67.388541
49080	1.8202357e-07	-67.398724
49100	1.8159791e-07	-67.408892
49120	1.8117384e-07	-67.419045
49140	1.8075136e-07	-67.429184
49160	1.8033045e-07	-67.439309
49180	1.7991112e-07	-67.44942
49200	1.7949335e-07	-67.459516
49220	1.7907713e-07	-67.469599
49240	1.7866245e-07	-67.479667
49260	1.7824931e-07	-67.489721
49280	1.7783771e-07	-67.499761
49300	1.7742762e-07	-67.509788
49320	1.7701905e-07	-67.5198
49340	1.7661199e-07	-67.529798
49360	1.7620643e-07	-67.539783
49380	1.7580236e-07	-67.549753
49400	1.7539977e-07	-67.55971
49420	1.7499866e-07	-67.569653
49440	1.7459902e-07	-67.579582
49460	1.7420084e-07	-67.589498
49480	1.7380412e-07	-67.599399
49500	1.7340884e-07	-67.609288
49520	1.7301501e-07	-67.619162
49540	1.7262261e-07	-67.629023
49560	1.7223163e-07	-67.638871
49580	1.7184207e-07	-67.648705
49600	1.7145393e-07	-67.658526
49620	1.7106719e-07	-67.668333
49640	1.7068185e-07	-67.678127
49660	1.702979e-07	-67.687907
49680	1.6991533e-07	-67.697674
49700	1.6953414e-07	-67.707428
49720	1.6915433e-07	-67.717169
49740	1.6877587e-07	-67.726896
49760	1.6839878e-07	-67.736611
49780	1.6802303e-07	-67.746312
49800	1.6764863e-07	-67.756
49820	1.6727557e-07	-67.765675
49840	1.6690383e-07	-67.775337
49860	1.6653343e-07	-67.784986
49880	1.6616434e-07	-67.794622
49900	1.6579656e-07	-67.804245
49920	1.6543009e-07	-67.813855
49940	1.6506491e-07	-67.823452
49960	1.6470103e-07	-67.833037
49980	1.6433844e-07	-67.842608
50000	1.6397712e-07	-67.852167
