0	140
1.4	139
2.8	138
4.2	137
5.6	136
7	135
8.4	134
9.8	133
11.2	132
12.6	131
14	130
15.4	129
16.8	128
18.2	127
19.6	126
21	125
22.4	124
23.8	123
25.2	122
26.6	121
28	120
29.4	119
30.8	118
32.2	117
33.6	116
35	115
36.4	114
37.8	113
39.2	112
40.6	111
42	110
43.4	109
44.8	108
46.2	107
47.6	106
49	105
50.4	104
51.8	103
53.2	102
54.6	101
56	100
57.4	99
58.8	98
60.2	97
61.6	96
63	95
64.4	94
65.8	93
67.2	92
68.6	91
70	90
71.4	89
72.8	88
74.2	87
75.6	86
77	85
78.4	84
79.8	83
81.2	82
82.6	81
84	80
85.4	79
86.8	78
88.2	77
89.6	76
91	75
92.4	74
93.8	73
95.2	72
96.6	71
98	70
99.4	69
100.8	68
102.2	67
103.6	66
105	65
106.4	64
107.8	63
109.2	62
110.6	61
112	60
113.4	59
114.8	58
116.2	57
117.6	56
119	55
120.4	54
121.8	53
123.2	52
124.6	51
126	50
127.4	49
128.8	48
130.2	47
131.6	46
133	45
134.4	44
135.8	43
137.2	42
138.6	41
140	40
141.4	39
142.8	38
144.2	37
145.6	36
147	35
148.4	34
149.8	33
151.2	32
152.6	31
154	30
155.4	29
156.8	28
158.2	27
159.6	26
161	25
162.4	24
163.8	23
165.2	22
166.6	21
168	20
169.4	19
170.8	18
172.2	17
173.6	16
175	15
176.4	14
177.8	13
179.2	12
180.6	11
182	10
183.4	9
184.8	8
186.2	7
187.6	6
189	5
190.4	4
191.8	3
193.2	2
194.6	1
196	140
197.4	139
198.8	138
200.2	137
201.6	136
203	135
204.4	134
205.8	133
207.2	132
208.6	131
210	130
211.4	129
212.8	128
214.2	127
215.6	126
217	125
218.4	124
219.8	123
221.2	122
222.6	121
224	120
225.4	119
226.8	118
228.2	117
229.6	116
231	115
232.4	114
233.8	113
235.2	112
236.6	111
238	110
239.4	109
240.8	108
242.2	107
243.6	106
245	105
246.4	104
247.8	103
249.2	102
250.6	101
252	100
253.4	99
254.8	98
256.2	97
257.6	96
259	95
260.4	94
261.8	93
263.2	92
264.6	91
266	90
267.4	89
268.8	88
270.2	87
271.6	86
273	85
274.4	84
275.8	83
277.2	82
278.6	81
280	80
281.4	79
282.8	78
284.2	77
285.6	76
287	75
288.4	74
289.8	73
291.2	72
292.6	71
294	70
295.4	69
296.8	68
298.2	67
299.6	66
301	65
302.4	64
303.8	63
305.2	62
306.6	61
308	60
309.4	59
310.8	58
312.2	57
313.6	56
315	55
316.4	54
317.8	53
319.2	52
320.6	51
322	50
323.4	49
324.8	48
326.2	47
327.6	46
329	45
330.4	44
331.8	43
333.2	42
334.6	41
336	40
337.4	39
338.8	38
340.2	37
341.6	36
343	35
344.4	34
345.8	33
347.2	32
348.6	31
350	30
351.4	29
352.8	28
354.2	27
355.6	26
357	25
358.4	24
359.8	23
361.2	22
362.6	21
364	20
365.4	19
366.8	18
368.2	17
369.6	16
371	15
372.4	14
373.8	13
375.2	12
376.6	11
378	10
379.4	9
380.8	8
382.2	7
383.6	6
385	5
386.4	4
387.8	3
389.2	2
390.6	1
392	140
393.4	139
394.8	138
396.2	137
397.6	136
399	135
400.4	134
401.8	133
403.2	132
404.6	131
406	130
407.4	129
408.8	128
410.2	127
411.6	126
413	125
414.4	124
415.8	123
417.2	122
418.6	121
420	120
421.4	119
422.8	118
424.2	117
425.6	116
427	115
428.4	114
429.8	113
431.2	112
432.6	111
434	110
435.4	109
436.8	108
438.2	107
439.6	106
441	105
442.4	104
443.8	103
445.2	102
446.6	101
448	100
449.4	99
450.8	98
452.2	97
453.6	96
455	95
456.4	94
457.8	93
459.2	92
460.6	91
462	90
463.4	89
464.8	88
466.2	87
467.6	86
469	85
470.4	84
471.8	83
473.2	82
474.6	81
476	80
477.4	79
478.8	78
480.2	77
481.6	76
483	75
484.4	74
485.8	73
487.2	72
488.6	71
490	70
491.4	69
492.8	68
494.2	67
495.6	66
497	65
498.4	64
499.8	63
501.2	62
502.6	61
504	60
505.4	59
506.8	58
508.2	57
509.6	56
511	55
512.4	54
513.8	53
515.2	52
516.6	51
518	50
519.4	49
520.8	48
522.2	47
523.6	46
525	45
526.4	44
527.8	43
529.2	42
530.6	41
532	40
533.4	39
534.8	38
536.2	37
537.6	36
539	35
540.4	34
541.8	33
543.2	32
544.6	31
546	30
547.4	29
548.8	28
550.2	27
551.6	26
553	25
554.4	24
555.8	23
557.2	22
558.6	21
560	20
561.4	19
562.8	18
564.2	17
565.6	16
567	15
568.4	14
569.8	13
571.2	12
572.6	11
574	10
575.4	9
576.8	8
578.2	7
579.6	6
581	5
582.4	4
583.8	3
585.2	2
586.6	1
588	140
589.4	139
590.8	138
592.2	137
593.6	136
595	135
596.4	134
597.8	133
599.2	132
600.6	131
602	130
603.4	129
604.8	128
606.2	127
607.6	126
609	125
610.4	124
611.8	123
613.2	122
614.6	121
616	120
617.4	119
618.8	118
620.2	117
621.6	116
623	115
624.4	114
625.8	113
627.2	112
628.6	111
630	110
631.4	109
632.8	108
634.2	107
635.6	106
637	105
638.4	104
639.8	103
641.2	102
642.6	101
644	100
645.4	99
646.8	98
648.2	97
649.6	96
651	95
652.4	94
653.8	93
655.2	92
656.6	91
658	90
659.4	89
660.8	88
662.2	87
663.6	86
665	85
666.4	84
667.8	83
669.2	82
670.6	81
672	80
673.4	79
674.8	78
676.2	77
677.6	76
679	75
680.4	74
681.8	73
683.2	72
684.6	71
686	70
687.4	69
688.8	68
690.2	67
691.6	66
693	65
694.4	64
695.8	63
697.2	62
698.6	61
700	60
701.4	59
702.8	58
704.2	57
705.6	56
707	55
708.4	54
709.8	53
711.2	52
712.6	51
714	50
715.4	49
716.8	48
718.2	47
719.6	46
721	45
722.4	44
723.8	43
725.2	42
726.6	41
728	40
729.4	39
730.8	38
732.2	37
733.6	36
735	35
736.4	34
737.8	33
739.2	32
740.6	31
742	30
743.4	29
744.8	28
746.2	27
747.6	26
749	25
750.4	24
751.8	23
753.2	22
754.6	21
756	20
757.4	19
758.8	18
760.2	17
761.6	16
763	15
764.4	14
765.8	13
767.2	12
768.6	11
770	10
771.4	9
772.8	8
774.2	7
775.6	6
777	5
778.4	4
779.8	3
781.2	2
782.6	1
784	140
785.4	139
786.8	138
788.2	137
789.6	136
791	135
792.4	134
793.8	133
795.2	132
796.6	131
798	130
799.4	129
800.8	128
802.2	127
803.6	126
805	125
806.4	124
807.8	123
809.2	122
810.6	121
812	120
813.4	119
814.8	118
816.2	117
817.6	116
819	115
820.4	114
821.8	113
823.2	112
824.6	111
826	110
827.4	109
828.8	108
830.2	107
831.6	106
833	105
834.4	104
835.8	103
837.2	102
838.6	101
840	100
841.4	99
842.8	98
844.2	97
845.6	96
847	95
848.4	94
849.8	93
851.2	92
852.6	91
854	90
855.4	89
856.8	88
858.2	87
859.6	86
861	85
862.4	84
863.8	83
865.2	82
866.6	81
868	80
869.4	79
870.8	78
872.2	77
873.6	76
875	75
876.4	74
877.8	73
879.2	72
880.6	71
882	70
883.4	69
884.8	68
886.2	67
887.6	66
889	65
890.4	64
891.8	63
893.2	62
894.6	61
896	60
897.4	59
898.8	58
900.2	57
901.6	56
903	55
904.4	54
905.8	53
907.2	52
908.6	51
910	50
911.4	49
912.8	48
914.2	47
915.6	46
917	45
918.4	44
919.8	43
921.2	42
922.6	41
924	40
925.4	39
926.8	38
928.2	37
929.6	36
931	35
932.4	34
933.8	33
935.2	32
936.6	31
938	30
939.4	29
940.8	28
942.2	27
943.6	26
945	25
946.4	24
947.8	23
949.2	22
950.6	21
952	20
953.4	19
954.8	18
956.2	17
957.6	16
959	15
960.4	14
961.8	13
963.2	12
964.6	11
966	10
967.4	9
968.8	8
970.2	7
971.6	6
973	5
974.4	4
975.8	3
977.2	2
978.6	1
980	140
981.4	139
982.8	138
984.2	137
985.6	136
987	135
988.4	134
989.8	133
991.2	132
992.6	131
994	130
995.4	129
996.8	128
998.2	127
999.6	126
1001	125
1002.4	124
1003.8	123
1005.2	122
1006.6	121
1008	120
1009.4	119
1010.8	118
1012.2	117
1013.6	116
1015	115
1016.4	114
1017.8	113
1019.2	112
1020.6	111
1022	110
1023.4	109
1024.8	108
1026.2	107
1027.6	106
1029	105
1030.4	104
1031.8	103
1033.2	102
1034.6	101
1036	100
1037.4	99
1038.8	98
1040.2	97
1041.6	96
1043	95
1044.4	94
1045.8	93
1047.2	92
1048.6	91
1050	90
1051.4	89
1052.8	88
1054.2	87
1055.6	86
1057	85
1058.4	84
1059.8	83
1061.2	82
1062.6	81
1064	80
1065.4	79
1066.8	78
1068.2	77
1069.6	76
1071	75
1072.4	74
1073.8	73
1075.2	72
1076.6	71
1078	70
1079.4	69
1080.8	68
1082.2	67
1083.6	66
1085	65
1086.4	64
1087.8	63
1089.2	62
1090.6	61
1092	60
1093.4	59
1094.8	58
1096.2	57
1097.6	56
1099	55
1100.4	54
1101.8	53
1103.2	52
1104.6	51
1106	50
1107.4	49
1108.8	48
1110.2	47
1111.6	46
1113	45
1114.4	44
1115.8	43
1117.2	42
1118.6	41
1120	40
1121.4	39
1122.8	38
1124.2	37
1125.6	36
1127	35
1128.4	34
1129.8	33
1131.2	32
1132.6	31
1134	30
1135.4	29
1136.8	28
1138.2	27
1139.6	26
1141	25
1142.4	24
1143.8	23
1145.2	22
1146.6	21
1148	20
1149.4	19
1150.8	18
1152.2	17
1153.6	16
1155	15
1156.4	14
1157.8	13
1159.2	12
1160.6	11
1162	10
1163.4	9
1164.8	8
1166.2	7
1167.6	6
1169	5
1170.4	4
1171.8	3
1173.2	2
1174.6	1
1176	140
1177.4	139
1178.8	138
1180.2	137
1181.6	136
1183	135
1184.4	134
1185.8	133
1187.2	132
1188.6	131
1190	130
1191.4	129
1192.8	128
1194.2	127
1195.6	126
1197	125
1198.4	124
1199.8	123
1201.2	122
1202.6	121
1204	120
1205.4	119
1206.8	118
1208.2	117
1209.6	116
1211	115
1212.4	114
1213.8	113
1215.2	112
1216.6	111
1218	110
1219.4	109
1220.8	108
1222.2	107
1223.6	106
1225	105
1226.4	104
1227.8	103
1229.2	102
1230.6	101
1232	100
1233.4	99
1234.8	98
1236.2	97
1237.6	96
1239	95
1240.4	94
1241.8	93
1243.2	92
1244.6	91
1246	90
1247.4	89
1248.8	88
1250.2	87
1251.6	86
1253	85
1254.4	84
1255.8	83
1257.2	82
1258.6	81
1260	80
1261.4	79
1262.8	78
1264.2	77
1265.6	76
1267	75
1268.4	74
1269.8	73
1271.2	72
1272.6	71
1274	70
1275.4	69
1276.8	68
1278.2	67
1279.6	66
1281	65
1282.4	64
1283.8	63
1285.2	62
1286.6	61
1288	60
1289.4	59
1290.8	58
1292.2	57
1293.6	56
1295	55
1296.4	54
1297.8	53
1299.2	52
1300.6	51
1302	50
1303.4	49
1304.8	48
1306.2	47
1307.6	46
1309	45
1310.4	44
1311.8	43
1313.2	42
1314.6	41
1316	40
1317.4	39
1318.8	38
1320.2	37
1321.6	36
1323	35
1324.4	34
1325.8	33
1327.2	32
1328.6	31
1330	30
1331.4	29
1332.8	28
1334.2	27
1335.6	26
1337	25
1338.4	24
1339.8	23
1341.2	22
1342.6	21
1344	20
1345.4	19
1346.8	18
1348.2	17
1349.6	16
1351	15
1352.4	14
1353.8	13
1355.2	12
1356.6	11
1358	10
1359.4	9
1360.8	8
1362.2	7
1363.6	6
1365	5
1366.4	4
1367.8	3
1369.2	2
1370.6	1
1372	140
1373.4	139
1374.8	138
1376.2	137
1377.6	136
1379	135
1380.4	134
1381.8	133
1383.2	132
1384.6	131
1386	130
1387.4	129
1388.8	128
1390.2	127
1391.6	126
1393	125
1394.4	124
1395.8	123
1397.2	122
1398.6	121
1400	120
1401.4	119
1402.8	118
1404.2	117
1405.6	116
1407	115
1408.4	114
1409.8	113
1411.2	112
1412.6	111
1414	110
1415.4	109
1416.8	108
1418.2	107
1419.6	106
1421	105
1422.4	104
1423.8	103
1425.2	102
1426.6	101
1428	100
1429.4	99
1430.8	98
1432.2	97
1433.6	96
1435	95
1436.4	94
1437.8	93
1439.2	92
1440.6	91
1442	90
1443.4	89
1444.8	88
1446.2	87
1447.6	86
1449	85
1450.4	84
1451.8	83
1453.2	82
1454.6	81
1456	80
1457.4	79
1458.8	78
1460.2	77
1461.6	76
1463	75
1464.4	74
1465.8	73
1467.2	72
1468.6	71
1470	70
1471.4	69
1472.8	68
1474.2	67
1475.6	66
1477	65
1478.4	64
1479.8	63
1481.2	62
1482.6	61
1484	60
1485.4	59
1486.8	58
1488.2	57
1489.6	56
1491	55
1492.4	54
1493.8	53
1495.2	52
1496.6	51
1498	50
1499.4	49
1500.8	48
1502.2	47
1503.6	46
1505	45
1506.4	44
1507.8	43
1509.2	42
1510.6	41
1512	40
1513.4	39
1514.8	38
1516.2	37
1517.6	36
1519	35
1520.4	34
1521.8	33
1523.2	32
1524.6	31
1526	30
1527.4	29
1528.8	28
1530.2	27
1531.6	26
1533	25
1534.4	24
1535.8	23
1537.2	22
1538.6	21
1540	20
1541.4	19
1542.8	18
1544.2	17
1545.6	16
1547	15
1548.4	14
1549.8	13
1551.2	12
1552.6	11
1554	10
1555.4	9
1556.8	8
1558.2	7
1559.6	6
1561	5
1562.4	4
1563.8	3
1565.2	2
1566.6	1
1568	140
1569.4	139
1570.8	138
1572.2	137
1573.6	136
1575	135
1576.4	134
1577.8	133
1579.2	132
1580.6	131
1582	130
1583.4	129
1584.8	128
1586.2	127
1587.6	126
1589	125
1590.4	124
1591.8	123
1593.2	122
1594.6	121
1596	120
1597.4	119
1598.8	118
1600.2	117
1601.6	116
1603	115
1604.4	114
1605.8	113
1607.2	112
1608.6	111
1610	110
1611.4	109
1612.8	108
1614.2	107
1615.6	106
1617	105
1618.4	104
1619.8	103
1621.2	102
1622.6	101
1624	100
1625.4	99
1626.8	98
1628.2	97
1629.6	96
1631	95
1632.4	94
1633.8	93
1635.2	92
1636.6	91
1638	90
1639.4	89
1640.8	88
1642.2	87
1643.6	86
1645	85
1646.4	84
1647.8	83
1649.2	82
1650.6	81
1652	80
1653.4	79
1654.8	78
1656.2	77
1657.6	76
1659	75
1660.4	74
1661.8	73
1663.2	72
1664.6	71
1666	70
1667.4	69
1668.8	68
1670.2	67
1671.6	66
1673	65
1674.4	64
1675.8	63
1677.2	62
1678.6	61
1680	60
1681.4	59
1682.8	58
1684.2	57
1685.6	56
1687	55
1688.4	54
1689.8	53
1691.2	52
1692.6	51
1694	50
1695.4	49
1696.8	48
1698.2	47
1699.6	46
1701	45
1702.4	44
1703.8	43
1705.2	42
1706.6	41
1708	40
1709.4	39
1710.8	38
1712.2	37
1713.6	36
1715	35
1716.4	34
1717.8	33
1719.2	32
1720.6	31
1722	30
1723.4	29
1724.8	28
1726.2	27
1727.6	26
1729	25
1730.4	24
1731.8	23
1733.2	22
1734.6	21
1736	20
1737.4	19
1738.8	18
1740.2	17
1741.6	16
1743	15
1744.4	14
1745.8	13
1747.2	12
1748.6	11
1750	10
1751.4	9
1752.8	8
1754.2	7
1755.6	6
1757	5
1758.4	4
1759.8	3
1761.2	2
1762.6	1
1764	140
1765.4	139
1766.8	138
1768.2	137
1769.6	136
1771	135
1772.4	134
1773.8	133
1775.2	132
1776.6	131
1778	130
1779.4	129
1780.8	128
1782.2	127
1783.6	126
1785	125
1786.4	124
1787.8	123
1789.2	122
1790.6	121
1792	120
1793.4	119
1794.8	118
1796.2	117
1797.6	116
1799	115
1800.4	114
1801.8	113
1803.2	112
1804.6	111
1806	110
1807.4	109
1808.8	108
1810.2	107
1811.6	106
1813	105
1814.4	104
1815.8	103
1817.2	102
1818.6	101
1820	100
1821.4	99
1822.8	98
1824.2	97
1825.6	96
1827	95
1828.4	94
1829.8	93
1831.2	92
1832.6	91
1834	90
1835.4	89
1836.8	88
1838.2	87
1839.6	86
1841	85
1842.4	84
1843.8	83
1845.2	82
1846.6	81
1848	80
1849.4	79
1850.8	78
1852.2	77
1853.6	76
1855	75
1856.4	74
1857.8	73
1859.2	72
1860.6	71
1862	70
1863.4	69
1864.8	68
1866.2	67
1867.6	66
1869	65
1870.4	64
1871.8	63
1873.2	62
1874.6	61
1876	60
1877.4	59
1878.8	58
1880.2	57
1881.6	56
1883	55
1884.4	54
1885.8	53
1887.2	52
1888.6	51
1890	50
1891.4	49
1892.8	48
1894.2	47
1895.6	46
1897	45
1898.4	44
1899.8	43
1901.2	42
1902.6	41
1904	40
1905.4	39
1906.8	38
1908.2	37
1909.6	36
1911	35
1912.4	34
1913.8	33
1915.2	32
1916.6	31
1918	30
1919.4	29
1920.8	28
1922.2	27
1923.6	26
1925	25
1926.4	24
1927.8	23
1929.2	22
1930.6	21
1932	20
1933.4	19
1934.8	18
1936.2	17
1937.6	16
1939	15
1940.4	14
1941.8	13
1943.2	12
1944.6	11
1946	10
1947.4	9
1948.8	8
1950.2	7
1951.6	6
1953	5
1954.4	4
1955.8	3
1957.2	2
1958.6	1
1960	140
1961.4	139
1962.8	138
1964.2	137
1965.6	136
1967	135
1968.4	134
1969.8	133
1971.2	132
1972.6	131
1974	130
1975.4	129
1976.8	128
1978.2	127
1979.6	126
1981	125
1982.4	124
1983.8	123
1985.2	122
1986.6	121
1988	120
1989.4	119
1990.8	118
1992.2	117
1993.6	116
1995	115
1996.4	114
1997.8	113
1999.2	112
2000.6	111
2002	110
2003.4	109
2004.8	108
2006.2	107
2007.6	106
2009	105
2010.4	104
2011.8	103
2013.2	102
2014.6	101
2016	100
2017.4	99
2018.8	98
2020.2	97
2021.6	96
2023	95
2024.4	94
2025.8	93
2027.2	92
2028.6	91
2030	90
2031.4	89
2032.8	88
2034.2	87
2035.6	86
2037	85
2038.4	84
2039.8	83
2041.2	82
2042.6	81
2044	80
2045.4	79
2046.8	78
2048.2	77
2049.6	76
2051	75
2052.4	74
2053.8	73
2055.2	72
2056.6	71
2058	70
2059.4	69
2060.8	68
2062.2	67
2063.6	66
2065	65
2066.4	64
2067.8	63
2069.2	62
2070.6	61
2072	60
2073.4	59
2074.8	58
2076.2	57
2077.6	56
2079	55
2080.4	54
2081.8	53
2083.2	52
2084.6	51
2086	50
2087.4	49
2088.8	48
2090.2	47
2091.6	46
2093	45
2094.4	44
2095.8	43
2097.2	42
2098.6	41
2100	40
2101.4	39
2102.8	38
2104.2	37
2105.6	36
2107	35
2108.4	34
2109.8	33
2111.2	32
2112.6	31
2114	30
2115.4	29
2116.8	28
2118.2	27
2119.6	26
2121	25
2122.4	24
2123.8	23
2125.2	22
2126.6	21
2128	20
2129.4	19
2130.8	18
2132.2	17
2133.6	16
2135	15
2136.4	14
2137.8	13
2139.2	12
2140.6	11
2142	10
2143.4	9
2144.8	8
2146.2	7
2147.6	6
2149	5
2150.4	4
2151.8	3
2153.2	2
2154.6	1
2156	140
2157.4	139
2158.8	138
2160.2	137
2161.6	136
2163	135
2164.4	134
2165.8	133
2167.2	132
2168.6	131
2170	130
2171.4	129
2172.8	128
2174.2	127
2175.6	126
2177	125
2178.4	124
2179.8	123
2181.2	122
2182.6	121
2184	120
2185.4	119
2186.8	118
2188.2	117
2189.6	116
2191	115
2192.4	114
2193.8	113
2195.2	112
2196.6	111
2198	110
2199.4	109
2200.8	108
2202.2	107
2203.6	106
2205	105
2206.4	104
2207.8	103
2209.2	102
2210.6	101
2212	100
2213.4	99
2214.8	98
2216.2	97
2217.6	96
2219	95
2220.4	94
2221.8	93
2223.2	92
2224.6	91
2226	90
2227.4	89
2228.8	88
2230.2	87
2231.6	86
2233	85
2234.4	84
2235.8	83
2237.2	82
2238.6	81
2240	80
2241.4	79
2242.8	78
2244.2	77
2245.6	76
2247	75
2248.4	74
2249.8	73
2251.2	72
2252.6	71
2254	70
2255.4	69
2256.8	68
2258.2	67
2259.6	66
2261	65
2262.4	64
2263.8	63
2265.2	62
2266.6	61
2268	60
2269.4	59
2270.8	58
2272.2	57
2273.6	56
2275	55
2276.4	54
2277.8	53
2279.2	52
2280.6	51
2282	50
2283.4	49
2284.8	48
2286.2	47
2287.6	46
2289	45
2290.4	44
2291.8	43
2293.2	42
2294.6	41
2296	40
2297.4	39
2298.8	38
2300.2	37
2301.6	36
2303	35
2304.4	34
2305.8	33
2307.2	32
2308.6	31
2310	30
2311.4	29
2312.8	28
2314.2	27
2315.6	26
2317	25
2318.4	24
2319.8	23
2321.2	22
2322.6	21
2324	20
2325.4	19
2326.8	18
2328.2	17
2329.6	16
2331	15
2332.4	14
2333.8	13
2335.2	12
2336.6	11
2338	10
2339.4	9
2340.8	8
2342.2	7
2343.6	6
2345	5
2346.4	4
2347.8	3
2349.2	2
2350.6	1
2352	140
2353.4	139
2354.8	138
2356.2	137
2357.6	136
2359	135
2360.4	134
2361.8	133
2363.2	132
2364.6	131
2366	130
2367.4	129
2368.8	128
2370.2	127
2371.6	126
2373	125
2374.4	124
2375.8	123
2377.2	122
2378.6	121
2380	120
2381.4	119
2382.8	118
2384.2	117
2385.6	116
2387	115
2388.4	114
2389.8	113
2391.2	112
2392.6	111
2394	110
2395.4	109
2396.8	108
2398.2	107
2399.6	106
2401	105
2402.4	104
2403.8	103
2405.2	102
2406.6	101
2408	100
2409.4	99
2410.8	98
2412.2	97
2413.6	96
2415	95
2416.4	94
2417.8	93
2419.2	92
2420.6	91
2422	90
2423.4	89
2424.8	88
2426.2	87
2427.6	86
2429	85
2430.4	84
2431.8	83
2433.2	82
2434.6	81
2436	80
2437.4	79
2438.8	78
2440.2	77
2441.6	76
2443	75
2444.4	74
2445.8	73
2447.2	72
2448.6	71
2450	70
2451.4	69
2452.8	68
2454.2	67
2455.6	66
2457	65
2458.4	64
2459.8	63
2461.2	62
2462.6	61
2464	60
2465.4	59
2466.8	58
2468.2	57
2469.6	56
2471	55
2472.4	54
2473.8	53
2475.2	52
2476.6	51
2478	50
2479.4	49
2480.8	48
2482.2	47
2483.6	46
2485	45
2486.4	44
2487.8	43
2489.2	42
2490.6	41
2492	40
2493.4	39
2494.8	38
2496.2	37
2497.6	36
2499	35
2500.4	34
2501.8	33
2503.2	32
2504.6	31
2506	30
2507.4	29
2508.8	28
2510.2	27
2511.6	26
2513	25
2514.4	24
2515.8	23
2517.2	22
2518.6	21
2520	20
2521.4	19
2522.8	18
2524.2	17
2525.6	16
2527	15
2528.4	14
2529.8	13
2531.2	12
2532.6	11
2534	10
2535.4	9
2536.8	8
2538.2	7
2539.6	6
2541	5
2542.4	4
2543.8	3
2545.2	2
2546.6	1
2548	140
2549.4	139
2550.8	138
2552.2	137
2553.6	136
2555	135
2556.4	134
2557.8	133
2559.2	132
2560.6	131
2562	130
2563.4	129
2564.8	128
2566.2	127
2567.6	126
2569	125
2570.4	124
2571.8	123
2573.2	122
2574.6	121
2576	120
2577.4	119
2578.8	118
2580.2	117
2581.6	116
2583	115
2584.4	114
2585.8	113
2587.2	112
2588.6	111
2590	110
2591.4	109
2592.8	108
2594.2	107
2595.6	106
2597	105
2598.4	104
2599.8	103
2601.2	102
2602.6	101
2604	100
2605.4	99
2606.8	98
2608.2	97
2609.6	96
2611	95
2612.4	94
2613.8	93
2615.2	92
2616.6	91
2618	90
2619.4	89
2620.8	88
2622.2	87
2623.6	86
2625	85
2626.4	84
2627.8	83
2629.2	82
2630.6	81
2632	80
2633.4	79
2634.8	78
2636.2	77
2637.6	76
2639	75
2640.4	74
2641.8	73
2643.2	72
2644.6	71
2646	70
2647.4	69
2648.8	68
2650.2	67
2651.6	66
2653	65
2654.4	64
2655.8	63
2657.2	62
2658.6	61
2660	60
2661.4	59
2662.8	58
2664.2	57
2665.6	56
2667	55
2668.4	54
2669.8	53
2671.2	52
2672.6	51
2674	50
2675.4	49
2676.8	48
2678.2	47
2679.6	46
2681	45
2682.4	44
2683.8	43
2685.2	42
2686.6	41
2688	40
2689.4	39
2690.8	38
2692.2	37
2693.6	36
2695	35
2696.4	34
2697.8	33
2699.2	32
2700.6	31
2702	30
2703.4	29
2704.8	28
2706.2	27
2707.6	26
2709	25
2710.4	24
2711.8	23
2713.2	22
2714.6	21
2716	20
2717.4	19
2718.8	18
2720.2	17
2721.6	16
2723	15
2724.4	14
2725.8	13
2727.2	12
2728.6	11
2730	10
2731.4	9
2732.8	8
2734.2	7
2735.6	6
2737	5
2738.4	4
2739.8	3
2741.2	2
2742.6	1
2744	140
2745.4	139
2746.8	138
2748.2	137
2749.6	136
2751	135
2752.4	134
2753.8	133
2755.2	132
2756.6	131
2758	130
2759.4	129
2760.8	128
2762.2	127
2763.6	126
2765	125
2766.4	124
2767.8	123
2769.2	122
2770.6	121
2772	120
2773.4	119
2774.8	118
2776.2	117
2777.6	116
2779	115
2780.4	114
2781.8	113
2783.2	112
2784.6	111
2786	110
2787.4	109
2788.8	108
2790.2	107
2791.6	106
2793	105
2794.4	104
2795.8	103
2797.2	102
2798.6	101
2800	100
2801.4	99
2802.8	98
2804.2	97
2805.6	96
2807	95
2808.4	94
2809.8	93
2811.2	92
2812.6	91
2814	90
2815.4	89
2816.8	88
2818.2	87
2819.6	86
2821	85
2822.4	84
2823.8	83
2825.2	82
2826.6	81
2828	80
2829.4	79
2830.8	78
2832.2	77
2833.6	76
2835	75
2836.4	74
2837.8	73
2839.2	72
2840.6	71
2842	70
2843.4	69
2844.8	68
2846.2	67
2847.6	66
2849	65
2850.4	64
2851.8	63
2853.2	62
2854.6	61
2856	60
2857.4	59
2858.8	58
2860.2	57
2861.6	56
2863	55
2864.4	54
2865.8	53
2867.2	52
2868.6	51
2870	50
2871.4	49
2872.8	48
2874.2	47
2875.6	46
2877	45
2878.4	44
2879.8	43
2881.2	42
2882.6	41
2884	40
2885.4	39
2886.8	38
2888.2	37
2889.6	36
2891	35
2892.4	34
2893.8	33
2895.2	32
2896.6	31
2898	30
2899.4	29
2900.8	28
2902.2	27
2903.6	26
2905	25
2906.4	24
2907.8	23
2909.2	22
2910.6	21
2912	20
2913.4	19
2914.8	18
2916.2	17
2917.6	16
2919	15
2920.4	14
2921.8	13
2923.2	12
2924.6	11
2926	10
2927.4	9
2928.8	8
2930.2	7
2931.6	6
2933	5
2934.4	4
2935.8	3
2937.2	2
2938.6	1
2940	140
2941.4	139
2942.8	138
2944.2	137
2945.6	136
2947	135
2948.4	134
2949.8	133
2951.2	132
2952.6	131
2954	130
2955.4	129
2956.8	128
2958.2	127
2959.6	126
2961	125
2962.4	124
2963.8	123
2965.2	122
2966.6	121
2968	120
2969.4	119
2970.8	118
2972.2	117
2973.6	116
2975	115
2976.4	114
2977.8	113
2979.2	112
2980.6	111
2982	110
2983.4	109
2984.8	108
2986.2	107
2987.6	106
2989	105
2990.4	104
2991.8	103
2993.2	102
2994.6	101
2996	100
2997.4	99
2998.8	98
3000.2	97
3001.6	96
3003	95
3004.4	94
3005.8	93
3007.2	92
3008.6	91
3010	90
3011.4	89
3012.8	88
3014.2	87
3015.6	86
3017	85
3018.4	84
3019.8	83
3021.2	82
3022.6	81
3024	80
3025.4	79
3026.8	78
3028.2	77
3029.6	76
3031	75
3032.4	74
3033.8	73
3035.2	72
3036.6	71
3038	70
3039.4	69
3040.8	68
3042.2	67
3043.6	66
3045	65
3046.4	64
3047.8	63
3049.2	62
3050.6	61
3052	60
3053.4	59
3054.8	58
3056.2	57
3057.6	56
3059	55
3060.4	54
3061.8	53
3063.2	52
3064.6	51
3066	50
3067.4	49
3068.8	48
3070.2	47
3071.6	46
3073	45
3074.4	44
3075.8	43
3077.2	42
3078.6	41
3080	40
3081.4	39
3082.8	38
3084.2	37
3085.6	36
3087	35
3088.4	34
3089.8	33
3091.2	32
3092.6	31
3094	30
3095.4	29
3096.8	28
3098.2	27
3099.6	26
3101	25
3102.4	24
3103.8	23
3105.2	22
3106.6	21
3108	20
3109.4	19
3110.8	18
3112.2	17
3113.6	16
3115	15
3116.4	14
3117.8	13
3119.2	12
3120.6	11
3122	10
3123.4	9
3124.8	8
3126.2	7
3127.6	6
3129	5
3130.4	4
3131.8	3
3133.2	2
3134.6	1
3136	140
3137.4	139
3138.8	138
3140.2	137
3141.6	136
3143	135
3144.4	134
3145.8	133
3147.2	132
3148.6	131
3150	130
3151.4	129
3152.8	128
3154.2	127
3155.6	126
3157	125
3158.4	124
3159.8	123
3161.2	122
3162.6	121
3164	120
3165.4	119
3166.8	118
3168.2	117
3169.6	116
3171	115
3172.4	114
3173.8	113
3175.2	112
3176.6	111
3178	110
3179.4	109
3180.8	108
3182.2	107
3183.6	106
3185	105
3186.4	104
3187.8	103
3189.2	102
3190.6	101
3192	100
3193.4	99
3194.8	98
3196.2	97
3197.6	96
3199	95
3200.4	94
3201.8	93
3203.2	92
3204.6	91
3206	90
3207.4	89
3208.8	88
3210.2	87
3211.6	86
3213	85
3214.4	84
3215.8	83
3217.2	82
3218.6	81
3220	80
3221.4	79
3222.8	78
3224.2	77
3225.6	76
3227	75
3228.4	74
3229.8	73
3231.2	72
3232.6	71
3234	70
3235.4	69
3236.8	68
3238.2	67
3239.6	66
3241	65
3242.4	64
3243.8	63
3245.2	62
3246.6	61
3248	60
3249.4	59
3250.8	58
3252.2	57
3253.6	56
3255	55
3256.4	54
3257.8	53
3259.2	52
3260.6	51
3262	50
3263.4	49
3264.8	48
3266.2	47
3267.6	46
3269	45
3270.4	44
3271.8	43
3273.2	42
3274.6	41
3276	40
3277.4	39
3278.8	38
3280.2	37
3281.6	36
3283	35
3284.4	34
3285.8	33
3287.2	32
3288.6	31
3290	30
3291.4	29
3292.8	28
3294.2	27
3295.6	26
3297	25
3298.4	24
3299.8	23
3301.2	22
3302.6	21
3304	20
3305.4	19
3306.8	18
3308.2	17
3309.6	16
3311	15
3312.4	14
3313.8	13
3315.2	12
3316.6	11
3318	10
3319.4	9
3320.8	8
3322.2	7
3323.6	6
3325	5
3326.4	4
3327.8	3
3329.2	2
3330.6	1
3332	140
3333.4	139
3334.8	138
3336.2	137
3337.6	136
3339	135
3340.4	134
3341.8	133
3343.2	132
3344.6	131
3346	130
3347.4	129
3348.8	128
3350.2	127
3351.6	126
3353	125
3354.4	124
3355.8	123
3357.2	122
3358.6	121
3360	120
3361.4	119
3362.8	118
3364.2	117
3365.6	116
3367	115
3368.4	114
3369.8	113
3371.2	112
3372.6	111
3374	110
3375.4	109
3376.8	108
3378.2	107
3379.6	106
3381	105
3382.4	104
3383.8	103
3385.2	102
3386.6	101
3388	100
3389.4	99
3390.8	98
3392.2	97
3393.6	96
3395	95
3396.4	94
3397.8	93
3399.2	92
3400.6	91
3402	90
3403.4	89
3404.8	88
3406.2	87
3407.6	86
3409	85
3410.4	84
3411.8	83
3413.2	82
3414.6	81
3416	80
3417.4	79
3418.8	78
3420.2	77
3421.6	76
3423	75
3424.4	74
3425.8	73
3427.2	72
3428.6	71
3430	70
3431.4	69
3432.8	68
3434.2	67
3435.6	66
3437	65
3438.4	64
3439.8	63
3441.2	62
3442.6	61
3444	60
3445.4	59
3446.8	58
3448.2	57
3449.6	56
3451	55
3452.4	54
3453.8	53
3455.2	52
3456.6	51
3458	50
3459.4	49
3460.8	48
3462.2	47
3463.6	46
3465	45
3466.4	44
3467.8	43
3469.2	42
3470.6	41
3472	40
3473.4	39
3474.8	38
3476.2	37
3477.6	36
3479	35
3480.4	34
3481.8	33
3483.2	32
3484.6	31
3486	30
3487.4	29
3488.8	28
3490.2	27
3491.6	26
3493	25
3494.4	24
3495.8	23
3497.2	22
3498.6	21
3500	20
3501.4	19
3502.8	18
3504.2	17
3505.6	16
3507	15
3508.4	14
3509.8	13
3511.2	12
3512.6	11
3514	10
3515.4	9
3516.8	8
3518.2	7
3519.6	6
3521	5
3522.4	4
3523.8	3
3525.2	2
3526.6	1
3528	140
3529.4	139
3530.8	138
3532.2	137
3533.6	136
3535	135
3536.4	134
3537.8	133
3539.2	132
3540.6	131
3542	130
3543.4	129
3544.8	128
3546.2	127
3547.6	126
3549	125
3550.4	124
3551.8	123
3553.2	122
3554.6	121
3556	120
3557.4	119
3558.8	118
3560.2	117
3561.6	116
3563	115
3564.4	114
3565.8	113
3567.2	112
3568.6	111
3570	110
3571.4	109
3572.8	108
3574.2	107
3575.6	106
3577	105
3578.4	104
3579.8	103
3581.2	102
3582.6	101
3584	100
3585.4	99
3586.8	98
3588.2	97
3589.6	96
3591	95
3592.4	94
3593.8	93
3595.2	92
3596.6	91
3598	90
3599.4	89
3600.8	88
3602.2	87
3603.6	86
3605	85
3606.4	84
3607.8	83
3609.2	82
3610.6	81
3612	80
3613.4	79
3614.8	78
3616.2	77
3617.6	76
3619	75
3620.4	74
3621.8	73
3623.2	72
3624.6	71
3626	70
3627.4	69
3628.8	68
3630.2	67
3631.6	66
3633	65
3634.4	64
3635.8	63
3637.2	62
3638.6	61
3640	60
3641.4	59
3642.8	58
3644.2	57
3645.6	56
3647	55
3648.4	54
3649.8	53
3651.2	52
3652.6	51
3654	50
3655.4	49
3656.8	48
3658.2	47
3659.6	46
3661	45
3662.4	44
3663.8	43
3665.2	42
3666.6	41
3668	40
3669.4	39
3670.8	38
3672.2	37
3673.6	36
3675	35
3676.4	34
3677.8	33
3679.2	32
3680.6	31
3682	30
3683.4	29
3684.8	28
3686.2	27
3687.6	26
3689	25
3690.4	24
3691.8	23
3693.2	22
3694.6	21
3696	20
3697.4	19
3698.8	18
3700.2	17
3701.6	16
3703	15
3704.4	14
3705.8	13
3707.2	12
3708.6	11
3710	10
3711.4	9
3712.8	8
3714.2	7
3715.6	6
3717	5
3718.4	4
3719.8	3
3721.2	2
3722.6	1
3724	140
3725.4	139
3726.8	138
3728.2	137
3729.6	136
3731	135
3732.4	134
3733.8	133
3735.2	132
3736.6	131
3738	130
3739.4	129
3740.8	128
3742.2	127
3743.6	126
3745	125
3746.4	124
3747.8	123
3749.2	122
3750.6	121
3752	120
3753.4	119
3754.8	118
3756.2	117
3757.6	116
3759	115
3760.4	114
3761.8	113
3763.2	112
3764.6	111
3766	110
3767.4	109
3768.8	108
3770.2	107
3771.6	106
3773	105
3774.4	104
3775.8	103
3777.2	102
3778.6	101
3780	100
3781.4	99
3782.8	98
3784.2	97
3785.6	96
3787	95
3788.4	94
3789.8	93
3791.2	92
3792.6	91
3794	90
3795.4	89
3796.8	88
3798.2	87
3799.6	86
3801	85
3802.4	84
3803.8	83
3805.2	82
3806.6	81
3808	80
3809.4	79
3810.8	78
3812.2	77
3813.6	76
3815	75
3816.4	74
3817.8	73
3819.2	72
3820.6	71
3822	70
3823.4	69
3824.8	68
3826.2	67
3827.6	66
3829	65
3830.4	64
3831.8	63
3833.2	62
3834.6	61
3836	60
3837.4	59
3838.8	58
3840.2	57
3841.6	56
3843	55
3844.4	54
3845.8	53
3847.2	52
3848.6	51
3850	50
3851.4	49
3852.8	48
3854.2	47
3855.6	46
3857	45
3858.4	44
3859.8	43
3861.2	42
3862.6	41
3864	40
3865.4	39
3866.8	38
3868.2	37
3869.6	36
3871	35
3872.4	34
3873.8	33
3875.2	32
3876.6	31
3878	30
3879.4	29
3880.8	28
3882.2	27
3883.6	26
3885	25
3886.4	24
3887.8	23
3889.2	22
3890.6	21
3892	20
3893.4	19
3894.8	18
3896.2	17
3897.6	16
3899	15
3900.4	14
3901.8	13
3903.2	12
3904.6	11
3906	10
3907.4	9
3908.8	8
3910.2	7
3911.6	6
3913	5
3914.4	4
3915.8	3
3917.2	2
3918.6	1
3920	140
3921.4	139
3922.8	138
3924.2	137
3925.6	136
3927	135
3928.4	134
3929.8	133
3931.2	132
3932.6	131
3934	130
3935.4	129
3936.8	128
3938.2	127
3939.6	126
3941	125
3942.4	124
3943.8	123
3945.2	122
3946.6	121
3948	120
3949.4	119
3950.8	118
3952.2	117
3953.6	116
3955	115
3956.4	114
3957.8	113
3959.2	112
3960.6	111
3962	110
3963.4	109
3964.8	108
3966.2	107
3967.6	106
3969	105
3970.4	104
3971.8	103
3973.2	102
3974.6	101
3976	100
3977.4	99
3978.8	98
3980.2	97
3981.6	96
3983	95
3984.4	94
3985.8	93
3987.2	92
3988.6	91
3990	90
3991.4	89
3992.8	88
3994.2	87
3995.6	86
3997	85
3998.4	84
3999.8	83
4001.2	82
4002.6	81
4004	80
4005.4	79
4006.8	78
4008.2	77
4009.6	76
4011	75
4012.4	74
4013.8	73
4015.2	72
4016.6	71
4018	70
4019.4	69
4020.8	68
4022.2	67
4023.6	66
4025	65
4026.4	64
4027.8	63
4029.2	62
4030.6	61
4032	60
4033.4	59
4034.8	58
4036.2	57
4037.6	56
4039	55
4040.4	54
4041.8	53
4043.2	52
4044.6	51
4046	50
4047.4	49
4048.8	48
4050.2	47
4051.6	46
4053	45
4054.4	44
4055.8	43
4057.2	42
4058.6	41
4060	40
4061.4	39
4062.8	38
4064.2	37
4065.6	36
4067	35
4068.4	34
4069.8	33
4071.2	32
4072.6	31
4074	30
4075.4	29
4076.8	28
4078.2	27
4079.6	26
4081	25
4082.4	24
4083.8	23
4085.2	22
4086.6	21
4088	20
4089.4	19
4090.8	18
4092.2	17
4093.6	16
4095	15
4096.4	14
4097.8	13
4099.2	12
4100.6	11
4102	10
4103.4	9
4104.8	8
4106.2	7
4107.6	6
4109	5
4110.4	4
4111.8	3
4113.2	2
4114.6	1
4116	140
4117.4	139
4118.8	138
4120.2	137
4121.6	136
4123	135
4124.4	134
4125.8	133
4127.2	132
4128.6	131
4130	130
4131.4	129
4132.8	128
4134.2	127
4135.6	126
4137	125
4138.4	124
4139.8	123
4141.2	122
4142.6	121
4144	120
4145.4	119
4146.8	118
4148.2	117
4149.6	116
4151	115
4152.4	114
4153.8	113
4155.2	112
4156.6	111
4158	110
4159.4	109
4160.8	108
4162.2	107
4163.6	106
4165	105
4166.4	104
4167.8	103
4169.2	102
4170.6	101
4172	100
4173.4	99
4174.8	98
4176.2	97
4177.6	96
4179	95
4180.4	94
4181.8	93
4183.2	92
4184.6	91
4186	90
4187.4	89
4188.8	88
4190.2	87
4191.6	86
4193	85
4194.4	84
4195.8	83
4197.2	82
4198.6	81
4200	80
4201.4	79
4202.8	78
4204.2	77
4205.6	76
4207	75
4208.4	74
4209.8	73
4211.2	72
4212.6	71
4214	70
4215.4	69
4216.8	68
4218.2	67
4219.6	66
4221	65
4222.4	64
4223.8	63
4225.2	62
4226.6	61
4228	60
4229.4	59
4230.8	58
4232.2	57
4233.6	56
4235	55
4236.4	54
4237.8	53
4239.2	52
4240.6	51
4242	50
4243.4	49
4244.8	48
4246.2	47
4247.6	46
4249	45
4250.4	44
4251.8	43
4253.2	42
4254.6	41
4256	40
4257.4	39
4258.8	38
4260.2	37
4261.6	36
4263	35
4264.4	34
4265.8	33
4267.2	32
4268.6	31
4270	30
4271.4	29
4272.8	28
4274.2	27
4275.6	26
4277	25
4278.4	24
4279.8	23
4281.2	22
4282.6	21
4284	20
4285.4	19
4286.8	18
4288.2	17
4289.6	16
4291	15
4292.4	14
4293.8	13
4295.2	12
4296.6	11
4298	10
4299.4	9
4300.8	8
4302.2	7
4303.6	6
4305	5
4306.4	4
4307.8	3
4309.2	2
4310.6	1
4312	140
4313.4	139
4314.8	138
4316.2	137
4317.6	136
4319	135
4320.4	134
4321.8	133
4323.2	132
4324.6	131
4326	130
4327.4	129
4328.8	128
4330.2	127
4331.6	126
4333	125
4334.4	124
4335.8	123
4337.2	122
4338.6	121
4340	120
4341.4	119
4342.8	118
4344.2	117
4345.6	116
4347	115
4348.4	114
4349.8	113
4351.2	112
4352.6	111
4354	110
4355.4	109
4356.8	108
4358.2	107
4359.6	106
4361	105
4362.4	104
4363.8	103
4365.2	102
4366.6	101
4368	100
4369.4	99
4370.8	98
4372.2	97
4373.6	96
4375	95
4376.4	94
4377.8	93
4379.2	92
4380.6	91
4382	90
4383.4	89
4384.8	88
4386.2	87
4387.6	86
4389	85
4390.4	84
4391.8	83
4393.2	82
4394.6	81
4396	80
4397.4	79
4398.8	78
4400.2	77
4401.6	76
4403	75
4404.4	74
4405.8	73
4407.2	72
4408.6	71
4410	70
4411.4	69
4412.8	68
4414.2	67
4415.6	66
4417	65
4418.4	64
4419.8	63
4421.2	62
4422.6	61
4424	60
4425.4	59
4426.8	58
4428.2	57
4429.6	56
4431	55
4432.4	54
4433.8	53
4435.2	52
4436.6	51
4438	50
4439.4	49
4440.8	48
4442.2	47
4443.6	46
4445	45
4446.4	44
4447.8	43
4449.2	42
4450.6	41
4452	40
4453.4	39
4454.8	38
4456.2	37
4457.6	36
4459	35
4460.4	34
4461.8	33
4463.2	32
4464.6	31
4466	30
4467.4	29
4468.8	28
4470.2	27
4471.6	26
4473	25
4474.4	24
4475.8	23
4477.2	22
4478.6	21
4480	20
4481.4	19
4482.8	18
4484.2	17
4485.6	16
4487	15
4488.4	14
4489.8	13
4491.2	12
4492.6	11
4494	10
4495.4	9
4496.8	8
4498.2	7
4499.6	6
4501	5
4502.4	4
4503.8	3
4505.2	2
4506.6	1
4508	140
4509.4	139
4510.8	138
4512.2	137
4513.6	136
4515	135
4516.4	134
4517.8	133
4519.2	132
4520.6	131
4522	130
4523.4	129
4524.8	128
4526.2	127
4527.6	126
4529	125
4530.4	124
4531.8	123
4533.2	122
4534.6	121
4536	120
4537.4	119
4538.8	118
4540.2	117
4541.6	116
4543	115
4544.4	114
4545.8	113
4547.2	112
4548.6	111
4550	110
4551.4	109
4552.8	108
4554.2	107
4555.6	106
4557	105
4558.4	104
4559.8	103
4561.2	102
4562.6	101
4564	100
4565.4	99
4566.8	98
4568.2	97
4569.6	96
4571	95
4572.4	94
4573.8	93
4575.2	92
4576.6	91
4578	90
4579.4	89
4580.8	88
4582.2	87
4583.6	86
4585	85
4586.4	84
4587.8	83
4589.2	82
4590.6	81
4592	80
4593.4	79
4594.8	78
4596.2	77
4597.6	76
4599	75
4600.4	74
4601.8	73
4603.2	72
4604.6	71
4606	70
4607.4	69
4608.8	68
4610.2	67
4611.6	66
4613	65
4614.4	64
4615.8	63
4617.2	62
4618.6	61
4620	60
4621.4	59
4622.8	58
4624.2	57
4625.6	56
4627	55
4628.4	54
4629.8	53
4631.2	52
4632.6	51
4634	50
4635.4	49
4636.8	48
4638.2	47
4639.6	46
4641	45
4642.4	44
4643.8	43
4645.2	42
4646.6	41
4648	40
4649.4	39
4650.8	38
4652.2	37
4653.6	36
4655	35
4656.4	34
4657.8	33
4659.2	32
4660.6	31
4662	30
4663.4	29
4664.8	28
4666.2	27
4667.6	26
4669	25
4670.4	24
4671.8	23
4673.2	22
4674.6	21
4676	20
4677.4	19
4678.8	18
4680.2	17
4681.6	16
4683	15
4684.4	14
4685.8	13
4687.2	12
4688.6	11
4690	10
4691.4	9
4692.8	8
4694.2	7
4695.6	6
4697	5
4698.4	4
4699.8	3
4701.2	2
4702.6	1
4704	140
4705.4	139
4706.8	138
4708.2	137
4709.6	136
4711	135
4712.4	134
4713.8	133
4715.2	132
4716.6	131
4718	130
4719.4	129
4720.8	128
4722.2	127
4723.6	126
4725	125
4726.4	124
4727.8	123
4729.2	122
4730.6	121
4732	120
4733.4	119
4734.8	118
4736.2	117
4737.6	116
4739	115
4740.4	114
4741.8	113
4743.2	112
4744.6	111
4746	110
4747.4	109
4748.8	108
4750.2	107
4751.6	106
4753	105
4754.4	104
4755.8	103
4757.2	102
4758.6	101
4760	100
4761.4	99
4762.8	98
4764.2	97
4765.6	96
4767	95
4768.4	94
4769.8	93
4771.2	92
4772.6	91
4774	90
4775.4	89
4776.8	88
4778.2	87
4779.6	86
4781	85
4782.4	84
4783.8	83
4785.2	82
4786.6	81
4788	80
4789.4	79
4790.8	78
4792.2	77
4793.6	76
4795	75
4796.4	74
4797.8	73
4799.2	72
4800.6	71
4802	70
4803.4	69
4804.8	68
4806.2	67
4807.6	66
4809	65
4810.4	64
4811.8	63
4813.2	62
4814.6	61
4816	60
4817.4	59
4818.8	58
4820.2	57
4821.6	56
4823	55
4824.4	54
4825.8	53
4827.2	52
4828.6	51
4830	50
4831.4	49
4832.8	48
4834.2	47
4835.6	46
4837	45
4838.4	44
4839.8	43
4841.2	42
4842.6	41
4844	40
4845.4	39
4846.8	38
4848.2	37
4849.6	36
4851	35
4852.4	34
4853.8	33
4855.2	32
4856.6	31
4858	30
4859.4	29
4860.8	28
4862.2	27
4863.6	26
4865	25
4866.4	24
4867.8	23
4869.2	22
4870.6	21
4872	20
4873.4	19
4874.8	18
4876.2	17
4877.6	16
4879	15
4880.4	14
4881.8	13
4883.2	12
4884.6	11
4886	10
4887.4	9
4888.8	8
4890.2	7
4891.6	6
4893	5
4894.4	4
4895.8	3
4897.2	2
4898.6	1
4900	140
4901.4	139
4902.8	138
4904.2	137
4905.6	136
4907	135
4908.4	134
4909.8	133
4911.2	132
4912.6	131
4914	130
4915.4	129
4916.8	128
4918.2	127
4919.6	126
4921	125
4922.4	124
4923.8	123
4925.2	122
4926.6	121
4928	120
4929.4	119
4930.8	118
4932.2	117
4933.6	116
4935	115
4936.4	114
4937.8	113
4939.2	112
4940.6	111
4942	110
4943.4	109
4944.8	108
4946.2	107
4947.6	106
4949	105
4950.4	104
4951.8	103
4953.2	102
4954.6	101
4956	100
4957.4	99
4958.8	98
4960.2	97
4961.6	96
4963	95
4964.4	94
4965.8	93
4967.2	92
4968.6	91
4970	90
4971.4	89
4972.8	88
4974.2	87
4975.6	86
4977	85
4978.4	84
4979.8	83
4981.2	82
4982.6	81
4984	80
4985.4	79
4986.8	78
4988.2	77
4989.6	76
4991	75
4992.4	74
4993.8	73
4995.2	72
4996.6	71
4998	70
4999.4	69
5000.8	68
5002.2	67
5003.6	66
5005	65
5006.4	64
5007.8	63
5009.2	62
5010.6	61
5012	60
5013.4	59
5014.8	58
5016.2	57
5017.6	56
5019	55
5020.4	54
5021.8	53
5023.2	52
5024.6	51
5026	50
5027.4	49
5028.8	48
5030.2	47
5031.6	46
5033	45
5034.4	44
5035.8	43
5037.2	42
5038.6	41
5040	40
5041.4	39
5042.8	38
5044.2	37
5045.6	36
5047	35
5048.4	34
5049.8	33
5051.2	32
5052.6	31
5054	30
5055.4	29
5056.8	28
5058.2	27
5059.6	26
5061	25
5062.4	24
5063.8	23
5065.2	22
5066.6	21
5068	20
5069.4	19
5070.8	18
5072.2	17
5073.6	16
5075	15
5076.4	14
5077.8	13
5079.2	12
5080.6	11
5082	10
5083.4	9
5084.8	8
5086.2	7
5087.6	6
5089	5
5090.4	4
5091.8	3
5093.2	2
5094.6	1
5096	140
5097.4	139
5098.8	138
5100.2	137
5101.6	136
5103	135
5104.4	134
5105.8	133
5107.2	132
5108.6	131
5110	130
5111.4	129
5112.8	128
5114.2	127
5115.6	126
5117	125
5118.4	124
5119.8	123
5121.2	122
5122.6	121
5124	120
5125.4	119
5126.8	118
5128.2	117
5129.6	116
5131	115
5132.4	114
5133.8	113
5135.2	112
5136.6	111
5138	110
5139.4	109
5140.8	108
5142.2	107
5143.6	106
5145	105
5146.4	104
5147.8	103
5149.2	102
5150.6	101
5152	100
5153.4	99
5154.8	98
5156.2	97
5157.6	96
5159	95
5160.4	94
5161.8	93
5163.2	92
5164.6	91
5166	90
5167.4	89
5168.8	88
5170.2	87
5171.6	86
5173	85
5174.4	84
5175.8	83
5177.2	82
5178.6	81
5180	80
5181.4	79
5182.8	78
5184.2	77
5185.6	76
5187	75
5188.4	74
5189.8	73
5191.2	72
5192.6	71
5194	70
5195.4	69
5196.8	68
5198.2	67
5199.6	66
5201	65
5202.4	64
5203.8	63
5205.2	62
5206.6	61
5208	60
5209.4	59
5210.8	58
5212.2	57
5213.6	56
5215	55
5216.4	54
5217.8	53
5219.2	52
5220.6	51
5222	50
5223.4	49
5224.8	48
5226.2	47
5227.6	46
5229	45
5230.4	44
5231.8	43
5233.2	42
5234.6	41
5236	40
5237.4	39
5238.8	38
5240.2	37
5241.6	36
5243	35
5244.4	34
5245.8	33
5247.2	32
5248.6	31
5250	30
5251.4	29
5252.8	28
5254.2	27
5255.6	26
5257	25
5258.4	24
5259.8	23
5261.2	22
5262.6	21
5264	20
5265.4	19
5266.8	18
5268.2	17
5269.6	16
5271	15
5272.4	14
5273.8	13
5275.2	12
5276.6	11
5278	10
5279.4	9
5280.8	8
5282.2	7
5283.6	6
5285	5
5286.4	4
5287.8	3
5289.2	2
5290.6	1
5292	140
5293.4	139
5294.8	138
5296.2	137
5297.6	136
5299	135
5300.4	134
5301.8	133
5303.2	132
5304.6	131
5306	130
5307.4	129
5308.8	128
5310.2	127
5311.6	126
5313	125
5314.4	124
5315.8	123
5317.2	122
5318.6	121
5320	120
5321.4	119
5322.8	118
5324.2	117
5325.6	116
5327	115
5328.4	114
5329.8	113
5331.2	112
5332.6	111
5334	110
5335.4	109
5336.8	108
5338.2	107
5339.6	106
5341	105
5342.4	104
5343.8	103
5345.2	102
5346.6	101
5348	100
5349.4	99
5350.8	98
5352.2	97
5353.6	96
5355	95
5356.4	94
5357.8	93
5359.2	92
5360.6	91
5362	90
5363.4	89
5364.8	88
5366.2	87
5367.6	86
5369	85
5370.4	84
5371.8	83
5373.2	82
5374.6	81
5376	80
5377.4	79
5378.8	78
5380.2	77
5381.6	76
5383	75
5384.4	74
5385.8	73
5387.2	72
5388.6	71
5390	70
5391.4	69
5392.8	68
5394.2	67
5395.6	66
5397	65
5398.4	64
5399.8	63
5401.2	62
5402.6	61
5404	60
5405.4	59
5406.8	58
5408.2	57
5409.6	56
5411	55
5412.4	54
5413.8	53
5415.2	52
5416.6	51
5418	50
5419.4	49
5420.8	48
5422.2	47
5423.6	46
5425	45
5426.4	44
5427.8	43
5429.2	42
5430.6	41
5432	40
5433.4	39
5434.8	38
5436.2	37
5437.6	36
5439	35
5440.4	34
5441.8	33
5443.2	32
5444.6	31
5446	30
5447.4	29
5448.8	28
5450.2	27
5451.6	26
5453	25
5454.4	24
5455.8	23
5457.2	22
5458.6	21
5460	20
5461.4	19
5462.8	18
5464.2	17
5465.6	16
5467	15
5468.4	14
5469.8	13
5471.2	12
5472.6	11
5474	10
5475.4	9
5476.8	8
5478.2	7
5479.6	6
5481	5
5482.4	4
5483.8	3
5485.2	2
5486.6	1
5488	140
5489.4	139
5490.8	138
5492.2	137
5493.6	136
5495	135
5496.4	134
5497.8	133
5499.2	132
5500.6	131
5502	130
5503.4	129
5504.8	128
5506.2	127
5507.6	126
5509	125
5510.4	124
5511.8	123
5513.2	122
5514.6	121
5516	120
5517.4	119
5518.8	118
5520.2	117
5521.6	116
5523	115
5524.4	114
5525.8	113
5527.2	112
5528.6	111
5530	110
5531.4	109
5532.8	108
5534.2	107
5535.6	106
5537	105
5538.4	104
5539.8	103
5541.2	102
5542.6	101
5544	100
5545.4	99
5546.8	98
5548.2	97
5549.6	96
5551	95
5552.4	94
5553.8	93
5555.2	92
5556.6	91
5558	90
5559.4	89
5560.8	88
5562.2	87
5563.6	86
5565	85
5566.4	84
5567.8	83
5569.2	82
5570.6	81
5572	80
5573.4	79
5574.8	78
5576.2	77
5577.6	76
5579	75
5580.4	74
5581.8	73
5583.2	72
5584.6	71
5586	70
5587.4	69
5588.8	68
5590.2	67
5591.6	66
5593	65
5594.4	64
5595.8	63
5597.2	62
5598.6	61
5600	60
5601.4	59
5602.8	58
5604.2	57
5605.6	56
5607	55
5608.4	54
5609.8	53
5611.2	52
5612.6	51
5614	50
5615.4	49
5616.8	48
5618.2	47
5619.6	46
5621	45
5622.4	44
5623.8	43
5625.2	42
5626.6	41
5628	40
5629.4	39
5630.8	38
5632.2	37
5633.6	36
5635	35
5636.4	34
5637.8	33
5639.2	32
5640.6	31
5642	30
5643.4	29
5644.8	28
5646.2	27
5647.6	26
5649	25
5650.4	24
5651.8	23
5653.2	22
5654.6	21
5656	20
5657.4	19
5658.8	18
5660.2	17
5661.6	16
5663	15
5664.4	14
5665.8	13
5667.2	12
5668.6	11
5670	10
5671.4	9
5672.8	8
5674.2	7
5675.6	6
5677	5
5678.4	4
5679.8	3
5681.2	2
5682.6	1
5684	140
5685.4	139
5686.8	138
5688.2	137
5689.6	136
5691	135
5692.4	134
5693.8	133
5695.2	132
5696.6	131
5698	130
5699.4	129
5700.8	128
5702.2	127
5703.6	126
5705	125
5706.4	124
5707.8	123
5709.2	122
5710.6	121
5712	120
5713.4	119
5714.8	118
5716.2	117
5717.6	116
5719	115
5720.4	114
5721.8	113
5723.2	112
5724.6	111
5726	110
5727.4	109
5728.8	108
5730.2	107
5731.6	106
5733	105
5734.4	104
5735.8	103
5737.2	102
5738.6	101
5740	100
5741.4	99
5742.8	98
5744.2	97
5745.6	96
5747	95
5748.4	94
5749.8	93
5751.2	92
5752.6	91
5754	90
5755.4	89
5756.8	88
5758.2	87
5759.6	86
5761	85
5762.4	84
5763.8	83
5765.2	82
5766.6	81
5768	80
5769.4	79
5770.8	78
5772.2	77
5773.6	76
5775	75
5776.4	74
5777.8	73
5779.2	72
5780.6	71
5782	70
5783.4	69
5784.8	68
5786.2	67
5787.6	66
5789	65
5790.4	64
5791.8	63
5793.2	62
5794.6	61
5796	60
5797.4	59
5798.8	58
5800.2	57
5801.6	56
5803	55
5804.4	54
5805.8	53
5807.2	52
5808.6	51
5810	50
5811.4	49
5812.8	48
5814.2	47
5815.6	46
5817	45
5818.4	44
5819.8	43
5821.2	42
5822.6	41
5824	40
5825.4	39
5826.8	38
5828.2	37
5829.6	36
5831	35
5832.4	34
5833.8	33
5835.2	32
5836.6	31
5838	30
5839.4	29
5840.8	28
5842.2	27
5843.6	26
5845	25
5846.4	24
5847.8	23
5849.2	22
5850.6	21
5852	20
5853.4	19
5854.8	18
5856.2	17
5857.6	16
5859	15
5860.4	14
5861.8	13
5863.2	12
5864.6	11
5866	10
5867.4	9
5868.8	8
5870.2	7
5871.6	6
5873	5
5874.4	4
5875.8	3
5877.2	2
5878.6	1
5880	140
5881.4	139
5882.8	138
5884.2	137
5885.6	136
5887	135
5888.4	134
5889.8	133
5891.2	132
5892.6	131
5894	130
5895.4	129
5896.8	128
5898.2	127
5899.6	126
5901	125
5902.4	124
5903.8	123
5905.2	122
5906.6	121
5908	120
5909.4	119
5910.8	118
5912.2	117
5913.6	116
5915	115
5916.4	114
5917.8	113
5919.2	112
5920.6	111
5922	110
5923.4	109
5924.8	108
5926.2	107
5927.6	106
5929	105
5930.4	104
5931.8	103
5933.2	102
5934.6	101
5936	100
5937.4	99
5938.8	98
5940.2	97
5941.6	96
5943	95
5944.4	94
5945.8	93
5947.2	92
5948.6	91
5950	90
5951.4	89
5952.8	88
5954.2	87
5955.6	86
5957	85
5958.4	84
5959.8	83
5961.2	82
5962.6	81
5964	80
5965.4	79
5966.8	78
5968.2	77
5969.6	76
5971	75
5972.4	74
5973.8	73
5975.2	72
5976.6	71
5978	70
5979.4	69
5980.8	68
5982.2	67
5983.6	66
5985	65
5986.4	64
5987.8	63
5989.2	62
5990.6	61
5992	60
5993.4	59
5994.8	58
5996.2	57
5997.6	56
5999	55
6000.4	54
6001.8	53
6003.2	52
6004.6	51
6006	50
6007.4	49
6008.8	48
6010.2	47
6011.6	46
6013	45
6014.4	44
6015.8	43
6017.2	42
6018.6	41
6020	40
6021.4	39
6022.8	38
6024.2	37
6025.6	36
6027	35
6028.4	34
6029.8	33
6031.2	32
6032.6	31
6034	30
6035.4	29
6036.8	28
6038.2	27
6039.6	26
6041	25
6042.4	24
6043.8	23
6045.2	22
6046.6	21
6048	20
6049.4	19
6050.8	18
6052.2	17
6053.6	16
6055	15
6056.4	14
6057.8	13
6059.2	12
6060.6	11
6062	10
6063.4	9
6064.8	8
6066.2	7
6067.6	6
6069	5
6070.4	4
6071.8	3
6073.2	2
6074.6	1
6076	140
6077.4	139
6078.8	138
6080.2	137
6081.6	136
6083	135
6084.4	134
6085.8	133
6087.2	132
6088.6	131
6090	130
6091.4	129
6092.8	128
6094.2	127
6095.6	126
6097	125
6098.4	124
6099.8	123
6101.2	122
6102.6	121
6104	120
6105.4	119
6106.8	118
6108.2	117
6109.6	116
6111	115
6112.4	114
6113.8	113
6115.2	112
6116.6	111
6118	110
6119.4	109
6120.8	108
6122.2	107
6123.6	106
6125	105
6126.4	104
6127.8	103
6129.2	102
6130.6	101
6132	100
6133.4	99
6134.8	98
6136.2	97
6137.6	96
6139	95
6140.4	94
6141.8	93
6143.2	92
6144.6	91
6146	90
6147.4	89
6148.8	88
6150.2	87
6151.6	86
6153	85
6154.4	84
6155.8	83
6157.2	82
6158.6	81
6160	80
6161.4	79
6162.8	78
6164.2	77
6165.6	76
6167	75
6168.4	74
6169.8	73
6171.2	72
6172.6	71
6174	70
6175.4	69
6176.8	68
6178.2	67
6179.6	66
6181	65
6182.4	64
6183.8	63
6185.2	62
6186.6	61
6188	60
6189.4	59
6190.8	58
6192.2	57
6193.6	56
6195	55
6196.4	54
6197.8	53
6199.2	52
6200.6	51
6202	50
6203.4	49
6204.8	48
6206.2	47
6207.6	46
6209	45
6210.4	44
6211.8	43
6213.2	42
6214.6	41
6216	40
6217.4	39
6218.8	38
6220.2	37
6221.6	36
6223	35
6224.4	34
6225.8	33
6227.2	32
6228.6	31
6230	30
6231.4	29
6232.8	28
6234.2	27
6235.6	26
6237	25
6238.4	24
6239.8	23
6241.2	22
6242.6	21
6244	20
6245.4	19
6246.8	18
6248.2	17
6249.6	16
6251	15
6252.4	14
6253.8	13
6255.2	12
6256.6	11
6258	10
6259.4	9
6260.8	8
6262.2	7
6263.6	6
6265	5
6266.4	4
6267.8	3
6269.2	2
6270.6	1
6272	140
6273.4	139
6274.8	138
6276.2	137
6277.6	136
6279	135
6280.4	134
6281.8	133
6283.2	132
6284.6	131
6286	130
6287.4	129
6288.8	128
6290.2	127
6291.6	126
6293	125
6294.4	124
6295.8	123
6297.2	122
6298.6	121
6300	120
6301.4	119
6302.8	118
6304.2	117
6305.6	116
6307	115
6308.4	114
6309.8	113
6311.2	112
6312.6	111
6314	110
6315.4	109
6316.8	108
6318.2	107
6319.6	106
6321	105
6322.4	104
6323.8	103
6325.2	102
6326.6	101
6328	100
6329.4	99
6330.8	98
6332.2	97
6333.6	96
6335	95
6336.4	94
6337.8	93
6339.2	92
6340.6	91
6342	90
6343.4	89
6344.8	88
6346.2	87
6347.6	86
6349	85
6350.4	84
6351.8	83
6353.2	82
6354.6	81
6356	80
6357.4	79
6358.8	78
6360.2	77
6361.6	76
6363	75
6364.4	74
6365.8	73
6367.2	72
6368.6	71
6370	70
6371.4	69
6372.8	68
6374.2	67
6375.6	66
6377	65
6378.4	64
6379.8	63
6381.2	62
6382.6	61
6384	60
6385.4	59
6386.8	58
6388.2	57
6389.6	56
6391	55
6392.4	54
6393.8	53
6395.2	52
6396.6	51
6398	50
6399.4	49
6400.8	48
6402.2	47
6403.6	46
6405	45
6406.4	44
6407.8	43
6409.2	42
6410.6	41
6412	40
6413.4	39
6414.8	38
6416.2	37
6417.6	36
6419	35
6420.4	34
6421.8	33
6423.2	32
6424.6	31
6426	30
6427.4	29
6428.8	28
6430.2	27
6431.6	26
6433	25
6434.4	24
6435.8	23
6437.2	22
6438.6	21
6440	20
6441.4	19
6442.8	18
6444.2	17
6445.6	16
6447	15
6448.4	14
6449.8	13
6451.2	12
6452.6	11
6454	10
6455.4	9
6456.8	8
6458.2	7
6459.6	6
6461	5
6462.4	4
6463.8	3
6465.2	2
6466.6	1
6468	140
6469.4	139
6470.8	138
6472.2	137
6473.6	136
6475	135
6476.4	134
6477.8	133
6479.2	132
6480.6	131
6482	130
6483.4	129
6484.8	128
6486.2	127
6487.6	126
6489	125
6490.4	124
6491.8	123
6493.2	122
6494.6	121
6496	120
6497.4	119
6498.8	118
6500.2	117
6501.6	116
6503	115
6504.4	114
6505.8	113
6507.2	112
6508.6	111
6510	110
6511.4	109
6512.8	108
6514.2	107
6515.6	106
6517	105
6518.4	104
6519.8	103
6521.2	102
6522.6	101
6524	100
6525.4	99
6526.8	98
6528.2	97
6529.6	96
6531	95
6532.4	94
6533.8	93
6535.2	92
6536.6	91
6538	90
6539.4	89
6540.8	88
6542.2	87
6543.6	86
6545	85
6546.4	84
6547.8	83
6549.2	82
6550.6	81
6552	80
6553.4	79
6554.8	78
6556.2	77
6557.6	76
6559	75
6560.4	74
6561.8	73
6563.2	72
6564.6	71
6566	70
6567.4	69
6568.8	68
6570.2	67
6571.6	66
6573	65
6574.4	64
6575.8	63
6577.2	62
6578.6	61
6580	60
6581.4	59
6582.8	58
6584.2	57
6585.6	56
6587	55
6588.4	54
6589.8	53
6591.2	52
6592.6	51
6594	50
6595.4	49
6596.8	48
6598.2	47
6599.6	46
6601	45
6602.4	44
6603.8	43
6605.2	42
6606.6	41
6608	40
6609.4	39
6610.8	38
6612.2	37
6613.6	36
6615	35
6616.4	34
6617.8	33
6619.2	32
6620.6	31
6622	30
6623.4	29
6624.8	28
6626.2	27
6627.6	26
6629	25
6630.4	24
6631.8	23
6633.2	22
6634.6	21
6636	20
6637.4	19
6638.8	18
6640.2	17
6641.6	16
6643	15
6644.4	14
6645.8	13
6647.2	12
6648.6	11
6650	10
6651.4	9
6652.8	8
6654.2	7
6655.6	6
6657	5
6658.4	4
6659.8	3
6661.2	2
6662.6	1
6664	140
6665.4	139
6666.8	138
6668.2	137
6669.6	136
6671	135
6672.4	134
6673.8	133
6675.2	132
6676.6	131
6678	130
6679.4	129
6680.8	128
6682.2	127
6683.6	126
6685	125
6686.4	124
6687.8	123
6689.2	122
6690.6	121
6692	120
6693.4	119
6694.8	118
6696.2	117
6697.6	116
6699	115
6700.4	114
6701.8	113
6703.2	112
6704.6	111
6706	110
6707.4	109
6708.8	108
6710.2	107
6711.6	106
6713	105
6714.4	104
6715.8	103
6717.2	102
6718.6	101
6720	100
6721.4	99
6722.8	98
6724.2	97
6725.6	96
6727	95
6728.4	94
6729.8	93
6731.2	92
6732.6	91
6734	90
6735.4	89
6736.8	88
6738.2	87
6739.6	86
6741	85
6742.4	84
6743.8	83
6745.2	82
6746.6	81
6748	80
6749.4	79
6750.8	78
6752.2	77
6753.6	76
6755	75
6756.4	74
6757.8	73
6759.2	72
6760.6	71
6762	70
6763.4	69
6764.8	68
6766.2	67
6767.6	66
6769	65
6770.4	64
6771.8	63
6773.2	62
6774.6	61
6776	60
6777.4	59
6778.8	58
6780.2	57
6781.6	56
6783	55
6784.4	54
6785.8	53
6787.2	52
6788.6	51
6790	50
6791.4	49
6792.8	48
6794.2	47
6795.6	46
6797	45
6798.4	44
6799.8	43
6801.2	42
6802.6	41
6804	40
6805.4	39
6806.8	38
6808.2	37
6809.6	36
6811	35
6812.4	34
6813.8	33
6815.2	32
6816.6	31
6818	30
6819.4	29
6820.8	28
6822.2	27
6823.6	26
6825	25
6826.4	24
6827.8	23
6829.2	22
6830.6	21
6832	20
6833.4	19
6834.8	18
6836.2	17
6837.6	16
6839	15
6840.4	14
6841.8	13
6843.2	12
6844.6	11
6846	10
6847.4	9
6848.8	8
6850.2	7
6851.6	6
6853	5
6854.4	4
6855.8	3
6857.2	2
6858.6	1
6860	140
6861.4	139
6862.8	138
6864.2	137
6865.6	136
6867	135
6868.4	134
6869.8	133
6871.2	132
6872.6	131
6874	130
6875.4	129
6876.8	128
6878.2	127
6879.6	126
6881	125
6882.4	124
6883.8	123
6885.2	122
6886.6	121
6888	120
6889.4	119
6890.8	118
6892.2	117
6893.6	116
6895	115
6896.4	114
6897.8	113
6899.2	112
6900.6	111
6902	110
6903.4	109
6904.8	108
6906.2	107
6907.6	106
6909	105
6910.4	104
6911.8	103
6913.2	102
6914.6	101
6916	100
6917.4	99
6918.8	98
6920.2	97
6921.6	96
6923	95
6924.4	94
6925.8	93
6927.2	92
6928.6	91
6930	90
6931.4	89
6932.8	88
6934.2	87
6935.6	86
6937	85
6938.4	84
6939.8	83
6941.2	82
6942.6	81
6944	80
6945.4	79
6946.8	78
6948.2	77
6949.6	76
6951	75
6952.4	74
6953.8	73
6955.2	72
6956.6	71
6958	70
6959.4	69
6960.8	68
6962.2	67
6963.6	66
6965	65
6966.4	64
6967.8	63
6969.2	62
6970.6	61
6972	60
6973.4	59
6974.8	58
6976.2	57
6977.6	56
6979	55
6980.4	54
6981.8	53
6983.2	52
6984.6	51
6986	50
6987.4	49
6988.8	48
6990.2	47
6991.6	46
6993	45
6994.4	44
6995.8	43
6997.2	42
6998.6	41
7000	40
7001.4	39
7002.8	38
7004.2	37
7005.6	36
7007	35
7008.4	34
7009.8	33
7011.2	32
7012.6	31
7014	30
7015.4	29
7016.8	28
7018.2	27
7019.6	26
7021	25
7022.4	24
7023.8	23
7025.2	22
7026.6	21
7028	20
7029.4	19
7030.8	18
7032.2	17
7033.6	16
7035	15
7036.4	14
7037.8	13
7039.2	12
7040.6	11
7042	10
7043.4	9
7044.8	8
7046.2	7
7047.6	6
7049	5
7050.4	4
7051.8	3
7053.2	2
7054.6	1
7056	140
7057.4	139
7058.8	138
7060.2	137
7061.6	136
7063	135
7064.4	134
7065.8	133
7067.2	132
7068.6	131
7070	130
7071.4	129
7072.8	128
7074.2	127
7075.6	126
7077	125
7078.4	124
7079.8	123
7081.2	122
7082.6	121
7084	120
7085.4	119
7086.8	118
7088.2	117
7089.6	116
7091	115
7092.4	114
7093.8	113
7095.2	112
7096.6	111
7098	110
7099.4	109
7100.8	108
7102.2	107
7103.6	106
7105	105
7106.4	104
7107.8	103
7109.2	102
7110.6	101
7112	100
7113.4	99
7114.8	98
7116.2	97
7117.6	96
7119	95
7120.4	94
7121.8	93
7123.2	92
7124.6	91
7126	90
7127.4	89
7128.8	88
7130.2	87
7131.6	86
7133	85
7134.4	84
7135.8	83
7137.2	82
7138.6	81
7140	80
7141.4	79
7142.8	78
7144.2	77
7145.6	76
7147	75
7148.4	74
7149.8	73
7151.2	72
7152.6	71
7154	70
7155.4	69
7156.8	68
7158.2	67
7159.6	66
7161	65
7162.4	64
7163.8	63
7165.2	62
7166.6	61
7168	60
7169.4	59
7170.8	58
7172.2	57
7173.6	56
7175	55
7176.4	54
7177.8	53
7179.2	52
7180.6	51
7182	50
7183.4	49
7184.8	48
7186.2	47
7187.6	46
7189	45
7190.4	44
7191.8	43
7193.2	42
7194.6	41
7196	40
7197.4	39
7198.8	38
7200.2	37
7201.6	36
7203	35
7204.4	34
7205.8	33
7207.2	32
7208.6	31
7210	30
7211.4	29
7212.8	28
7214.2	27
7215.6	26
7217	25
7218.4	24
7219.8	23
7221.2	22
7222.6	21
7224	20
7225.4	19
7226.8	18
7228.2	17
7229.6	16
7231	15
7232.4	14
7233.8	13
7235.2	12
7236.6	11
7238	10
7239.4	9
7240.8	8
7242.2	7
7243.6	6
7245	5
7246.4	4
7247.8	3
7249.2	2
7250.6	1
7252	140
7253.4	139
7254.8	138
7256.2	137
7257.6	136
7259	135
7260.4	134
7261.8	133
7263.2	132
7264.6	131
7266	130
7267.4	129
7268.8	128
7270.2	127
7271.6	126
7273	125
7274.4	124
7275.8	123
7277.2	122
7278.6	121
7280	120
7281.4	119
7282.8	118
7284.2	117
7285.6	116
7287	115
7288.4	114
7289.8	113
7291.2	112
7292.6	111
7294	110
7295.4	109
7296.8	108
7298.2	107
7299.6	106
7301	105
7302.4	104
7303.8	103
7305.2	102
7306.6	101
7308	100
7309.4	99
7310.8	98
7312.2	97
7313.6	96
7315	95
7316.4	94
7317.8	93
7319.2	92
7320.6	91
7322	90
7323.4	89
7324.8	88
7326.2	87
7327.6	86
7329	85
7330.4	84
7331.8	83
7333.2	82
7334.6	81
7336	80
7337.4	79
7338.8	78
7340.2	77
7341.6	76
7343	75
7344.4	74
7345.8	73
7347.2	72
7348.6	71
7350	70
7351.4	69
7352.8	68
7354.2	67
7355.6	66
7357	65
7358.4	64
7359.8	63
7361.2	62
7362.6	61
7364	60
7365.4	59
7366.8	58
7368.2	57
7369.6	56
7371	55
7372.4	54
7373.8	53
7375.2	52
7376.6	51
7378	50
7379.4	49
7380.8	48
7382.2	47
7383.6	46
7385	45
7386.4	44
7387.8	43
7389.2	42
7390.6	41
7392	40
7393.4	39
7394.8	38
7396.2	37
7397.6	36
7399	35
7400.4	34
7401.8	33
7403.2	32
7404.6	31
7406	30
7407.4	29
7408.8	28
7410.2	27
7411.6	26
7413	25
7414.4	24
7415.8	23
7417.2	22
7418.6	21
7420	20
7421.4	19
7422.8	18
7424.2	17
7425.6	16
7427	15
7428.4	14
7429.8	13
7431.2	12
7432.6	11
7434	10
7435.4	9
7436.8	8
7438.2	7
7439.6	6
7441	5
7442.4	4
7443.8	3
7445.2	2
7446.6	1
7448	140
7449.4	139
7450.8	138
7452.2	137
7453.6	136
7455	135
7456.4	134
7457.8	133
7459.2	132
7460.6	131
7462	130
7463.4	129
7464.8	128
7466.2	127
7467.6	126
7469	125
7470.4	124
7471.8	123
7473.2	122
7474.6	121
7476	120
7477.4	119
7478.8	118
7480.2	117
7481.6	116
7483	115
7484.4	114
7485.8	113
7487.2	112
7488.6	111
7490	110
7491.4	109
7492.8	108
7494.2	107
7495.6	106
7497	105
7498.4	104
7499.8	103
7501.2	102
7502.6	101
7504	100
7505.4	99
7506.8	98
7508.2	97
7509.6	96
7511	95
7512.4	94
7513.8	93
7515.2	92
7516.6	91
7518	90
7519.4	89
7520.8	88
7522.2	87
7523.6	86
7525	85
7526.4	84
7527.8	83
7529.2	82
7530.6	81
7532	80
7533.4	79
7534.8	78
7536.2	77
7537.6	76
7539	75
7540.4	74
7541.8	73
7543.2	72
7544.6	71
7546	70
7547.4	69
7548.8	68
7550.2	67
7551.6	66
7553	65
7554.4	64
7555.8	63
7557.2	62
7558.6	61
7560	60
7561.4	59
7562.8	58
7564.2	57
7565.6	56
7567	55
7568.4	54
7569.8	53
7571.2	52
7572.6	51
7574	50
7575.4	49
7576.8	48
7578.2	47
7579.6	46
7581	45
7582.4	44
7583.8	43
7585.2	42
7586.6	41
7588	40
7589.4	39
7590.8	38
7592.2	37
7593.6	36
7595	35
7596.4	34
7597.8	33
7599.2	32
7600.6	31
7602	30
7603.4	29
7604.8	28
7606.2	27
7607.6	26
7609	25
7610.4	24
7611.8	23
7613.2	22
7614.6	21
7616	20
7617.4	19
7618.8	18
7620.2	17
7621.6	16
7623	15
7624.4	14
7625.8	13
7627.2	12
7628.6	11
7630	10
7631.4	9
7632.8	8
7634.2	7
7635.6	6
7637	5
7638.4	4
7639.8	3
7641.2	2
7642.6	1
7644	140
7645.4	139
7646.8	138
7648.2	137
7649.6	136
7651	135
7652.4	134
7653.8	133
7655.2	132
7656.6	131
7658	130
7659.4	129
7660.8	128
7662.2	127
7663.6	126
7665	125
7666.4	124
7667.8	123
7669.2	122
7670.6	121
7672	120
7673.4	119
7674.8	118
7676.2	117
7677.6	116
7679	115
7680.4	114
7681.8	113
7683.2	112
7684.6	111
7686	110
7687.4	109
7688.8	108
7690.2	107
7691.6	106
7693	105
7694.4	104
7695.8	103
7697.2	102
7698.6	101
7700	100
7701.4	99
7702.8	98
7704.2	97
7705.6	96
7707	95
7708.4	94
7709.8	93
7711.2	92
7712.6	91
7714	90
7715.4	89
7716.8	88
7718.2	87
7719.6	86
7721	85
7722.4	84
7723.8	83
7725.2	82
7726.6	81
7728	80
7729.4	79
7730.8	78
7732.2	77
7733.6	76
7735	75
7736.4	74
7737.8	73
7739.2	72
7740.6	71
7742	70
7743.4	69
7744.8	68
7746.2	67
7747.6	66
7749	65
7750.4	64
7751.8	63
7753.2	62
7754.6	61
7756	60
7757.4	59
7758.8	58
7760.2	57
7761.6	56
7763	55
7764.4	54
7765.8	53
7767.2	52
7768.6	51
7770	50
7771.4	49
7772.8	48
7774.2	47
7775.6	46
7777	45
7778.4	44
7779.8	43
7781.2	42
7782.6	41
7784	40
7785.4	39
7786.8	38
7788.2	37
7789.6	36
7791	35
7792.4	34
7793.8	33
7795.2	32
7796.6	31
7798	30
7799.4	29
7800.8	28
7802.2	27
7803.6	26
7805	25
7806.4	24
7807.8	23
7809.2	22
7810.6	21
7812	20
7813.4	19
7814.8	18
7816.2	17
7817.6	16
7819	15
7820.4	14
7821.8	13
7823.2	12
7824.6	11
7826	10
7827.4	9
7828.8	8
7830.2	7
7831.6	6
7833	5
7834.4	4
7835.8	3
7837.2	2
7838.6	1
7840	140
7841.4	139
7842.8	138
7844.2	137
7845.6	136
7847	135
7848.4	134
7849.8	133
7851.2	132
7852.6	131
7854	130
7855.4	129
7856.8	128
7858.2	127
7859.6	126
7861	125
7862.4	124
7863.8	123
7865.2	122
7866.6	121
7868	120
7869.4	119
7870.8	118
7872.2	117
7873.6	116
7875	115
7876.4	114
7877.8	113
7879.2	112
7880.6	111
7882	110
7883.4	109
7884.8	108
7886.2	107
7887.6	106
7889	105
7890.4	104
7891.8	103
7893.2	102
7894.6	101
7896	100
7897.4	99
7898.8	98
7900.2	97
7901.6	96
7903	95
7904.4	94
7905.8	93
7907.2	92
7908.6	91
7910	90
7911.4	89
7912.8	88
7914.2	87
7915.6	86
7917	85
7918.4	84
7919.8	83
7921.2	82
7922.6	81
7924	80
7925.4	79
7926.8	78
7928.2	77
7929.6	76
7931	75
7932.4	74
7933.8	73
7935.2	72
7936.6	71
7938	70
7939.4	69
7940.8	68
7942.2	67
7943.6	66
7945	65
7946.4	64
7947.8	63
7949.2	62
7950.6	61
7952	60
7953.4	59
7954.8	58
7956.2	57
7957.6	56
7959	55
7960.4	54
7961.8	53
7963.2	52
7964.6	51
7966	50
7967.4	49
7968.8	48
7970.2	47
7971.6	46
7973	45
7974.4	44
7975.8	43
7977.2	42
7978.6	41
7980	40
7981.4	39
7982.8	38
7984.2	37
7985.6	36
7987	35
7988.4	34
7989.8	33
7991.2	32
7992.6	31
7994	30
7995.4	29
7996.8	28
7998.2	27
7999.6	26
8001	25
8002.4	24
8003.8	23
8005.2	22
8006.6	21
8008	20
8009.4	19
8010.8	18
8012.2	17
8013.6	16
8015	15
8016.4	14
8017.8	13
8019.2	12
8020.6	11
8022	10
8023.4	9
8024.8	8
8026.2	7
8027.6	6
8029	5
8030.4	4
8031.8	3
8033.2	2
8034.6	1
8036	140
8037.4	139
8038.8	138
8040.2	137
8041.6	136
8043	135
8044.4	134
8045.8	133
8047.2	132
8048.6	131
8050	130
8051.4	129
8052.8	128
8054.2	127
8055.6	126
8057	125
8058.4	124
8059.8	123
8061.2	122
8062.6	121
8064	120
8065.4	119
8066.8	118
8068.2	117
8069.6	116
8071	115
8072.4	114
8073.8	113
8075.2	112
8076.6	111
8078	110
8079.4	109
8080.8	108
8082.2	107
8083.6	106
8085	105
8086.4	104
8087.8	103
8089.2	102
8090.6	101
8092	100
8093.4	99
8094.8	98
8096.2	97
8097.6	96
8099	95
8100.4	94
8101.8	93
8103.2	92
8104.6	91
8106	90
8107.4	89
8108.8	88
8110.2	87
8111.6	86
8113	85
8114.4	84
8115.8	83
8117.2	82
8118.6	81
8120	80
8121.4	79
8122.8	78
8124.2	77
8125.6	76
8127	75
8128.4	74
8129.8	73
8131.2	72
8132.6	71
8134	70
8135.4	69
8136.8	68
8138.2	67
8139.6	66
8141	65
8142.4	64
8143.8	63
8145.2	62
8146.6	61
8148	60
8149.4	59
8150.8	58
8152.2	57
8153.6	56
8155	55
8156.4	54
8157.8	53
8159.2	52
8160.6	51
8162	50
8163.4	49
8164.8	48
8166.2	47
8167.6	46
8169	45
8170.4	44
8171.8	43
8173.2	42
8174.6	41
8176	40
8177.4	39
8178.8	38
8180.2	37
8181.6	36
8183	35
8184.4	34
8185.8	33
8187.2	32
8188.6	31
8190	30
8191.4	29
8192.8	28
8194.2	27
8195.6	26
8197	25
8198.4	24
8199.8	23
8201.2	22
8202.6	21
8204	20
8205.4	19
8206.8	18
8208.2	17
8209.6	16
8211	15
8212.4	14
8213.8	13
8215.2	12
8216.6	11
8218	10
8219.4	9
8220.8	8
8222.2	7
8223.6	6
8225	5
8226.4	4
8227.8	3
8229.2	2
8230.6	1
8232	140
8233.4	139
8234.8	138
8236.2	137
8237.6	136
8239	135
8240.4	134
8241.8	133
8243.2	132
8244.6	131
8246	130
8247.4	129
8248.8	128
8250.2	127
8251.6	126
8253	125
8254.4	124
8255.8	123
8257.2	122
8258.6	121
8260	120
8261.4	119
8262.8	118
8264.2	117
8265.6	116
8267	115
8268.4	114
8269.8	113
8271.2	112
8272.6	111
8274	110
8275.4	109
8276.8	108
8278.2	107
8279.6	106
8281	105
8282.4	104
8283.8	103
8285.2	102
8286.6	101
8288	100
8289.4	99
8290.8	98
8292.2	97
8293.6	96
8295	95
8296.4	94
8297.8	93
8299.2	92
8300.6	91
8302	90
8303.4	89
8304.8	88
8306.2	87
8307.6	86
8309	85
8310.4	84
8311.8	83
8313.2	82
8314.6	81
8316	80
8317.4	79
8318.8	78
8320.2	77
8321.6	76
8323	75
8324.4	74
8325.8	73
8327.2	72
8328.6	71
8330	70
8331.4	69
8332.8	68
8334.2	67
8335.6	66
8337	65
8338.4	64
8339.8	63
8341.2	62
8342.6	61
8344	60
8345.4	59
8346.8	58
8348.2	57
8349.6	56
8351	55
8352.4	54
8353.8	53
8355.2	52
8356.6	51
8358	50
8359.4	49
8360.8	48
8362.2	47
8363.6	46
8365	45
8366.4	44
8367.8	43
8369.2	42
8370.6	41
8372	40
8373.4	39
8374.8	38
8376.2	37
8377.6	36
8379	35
8380.4	34
8381.8	33
8383.2	32
8384.6	31
8386	30
8387.4	29
8388.8	28
8390.2	27
8391.6	26
8393	25
8394.4	24
8395.8	23
8397.2	22
8398.6	21
8400	20
8401.4	19
8402.8	18
8404.2	17
8405.6	16
8407	15
8408.4	14
8409.8	13
8411.2	12
8412.6	11
8414	10
8415.4	9
8416.8	8
8418.2	7
8419.6	6
8421	5
8422.4	4
8423.8	3
8425.2	2
8426.6	1
8428	140
8429.4	139
8430.8	138
8432.2	137
8433.6	136
8435	135
8436.4	134
8437.8	133
8439.2	132
8440.6	131
8442	130
8443.4	129
8444.8	128
8446.2	127
8447.6	126
8449	125
8450.4	124
8451.8	123
8453.2	122
8454.6	121
8456	120
8457.4	119
8458.8	118
8460.2	117
8461.6	116
8463	115
8464.4	114
8465.8	113
8467.2	112
8468.6	111
8470	110
8471.4	109
8472.8	108
8474.2	107
8475.6	106
8477	105
8478.4	104
8479.8	103
8481.2	102
8482.6	101
8484	100
8485.4	99
8486.8	98
8488.2	97
8489.6	96
8491	95
8492.4	94
8493.8	93
8495.2	92
8496.6	91
8498	90
8499.4	89
8500.8	88
8502.2	87
8503.6	86
8505	85
8506.4	84
8507.8	83
8509.2	82
8510.6	81
8512	80
8513.4	79
8514.8	78
8516.2	77
8517.6	76
8519	75
8520.4	74
8521.8	73
8523.2	72
8524.6	71
8526	70
8527.4	69
8528.8	68
8530.2	67
8531.6	66
8533	65
8534.4	64
8535.8	63
8537.2	62
8538.6	61
8540	60
8541.4	59
8542.8	58
8544.2	57
8545.6	56
8547	55
8548.4	54
8549.8	53
8551.2	52
8552.6	51
8554	50
8555.4	49
8556.8	48
8558.2	47
8559.6	46
8561	45
8562.4	44
8563.8	43
8565.2	42
8566.6	41
8568	40
8569.4	39
8570.8	38
8572.2	37
8573.6	36
8575	35
8576.4	34
8577.8	33
8579.2	32
8580.6	31
8582	30
8583.4	29
8584.8	28
8586.2	27
8587.6	26
8589	25
8590.4	24
8591.8	23
8593.2	22
8594.6	21
8596	20
8597.4	19
8598.8	18
8600.2	17
8601.6	16
8603	15
8604.4	14
8605.8	13
8607.2	12
8608.6	11
8610	10
8611.4	9
8612.8	8
8614.2	7
8615.6	6
8617	5
8618.4	4
8619.8	3
8621.2	2
8622.6	1
8624	140
8625.4	139
8626.8	138
8628.2	137
8629.6	136
8631	135
8632.4	134
8633.8	133
8635.2	132
8636.6	131
8638	130
8639.4	129
8640.8	128
8642.2	127
8643.6	126
8645	125
8646.4	124
8647.8	123
8649.2	122
8650.6	121
8652	120
8653.4	119
8654.8	118
8656.2	117
8657.6	116
8659	115
8660.4	114
8661.8	113
8663.2	112
8664.6	111
8666	110
8667.4	109
8668.8	108
8670.2	107
8671.6	106
8673	105
8674.4	104
8675.8	103
8677.2	102
8678.6	101
8680	100
8681.4	99
8682.8	98
8684.2	97
8685.6	96
8687	95
8688.4	94
8689.8	93
8691.2	92
8692.6	91
8694	90
8695.4	89
8696.8	88
8698.2	87
8699.6	86
8701	85
8702.4	84
8703.8	83
8705.2	82
8706.6	81
8708	80
8709.4	79
8710.8	78
8712.2	77
8713.6	76
8715	75
8716.4	74
8717.8	73
8719.2	72
8720.6	71
8722	70
8723.4	69
8724.8	68
8726.2	67
8727.6	66
8729	65
8730.4	64
8731.8	63
8733.2	62
8734.6	61
8736	60
8737.4	59
8738.8	58
8740.2	57
8741.6	56
8743	55
8744.4	54
8745.8	53
8747.2	52
8748.6	51
8750	50
8751.4	49
8752.8	48
8754.2	47
8755.6	46
8757	45
8758.4	44
8759.8	43
8761.2	42
8762.6	41
8764	40
8765.4	39
8766.8	38
8768.2	37
8769.6	36
8771	35
8772.4	34
8773.8	33
8775.2	32
8776.6	31
8778	30
8779.4	29
8780.8	28
8782.2	27
8783.6	26
8785	25
8786.4	24
8787.8	23
8789.2	22
8790.6	21
8792	20
8793.4	19
8794.8	18
8796.2	17
8797.6	16
8799	15
8800.4	14
8801.8	13
8803.2	12
8804.6	11
8806	10
8807.4	9
8808.8	8
8810.2	7
8811.6	6
8813	5
8814.4	4
8815.8	3
8817.2	2
8818.6	1
8820	140
8821.4	139
8822.8	138
8824.2	137
8825.6	136
8827	135
8828.4	134
8829.8	133
8831.2	132
8832.6	131
8834	130
8835.4	129
8836.8	128
8838.2	127
8839.6	126
8841	125
8842.4	124
8843.8	123
8845.2	122
8846.6	121
8848	120
8849.4	119
8850.8	118
8852.2	117
8853.6	116
8855	115
8856.4	114
8857.8	113
8859.2	112
8860.6	111
8862	110
8863.4	109
8864.8	108
8866.2	107
8867.6	106
8869	105
8870.4	104
8871.8	103
8873.2	102
8874.6	101
8876	100
8877.4	99
8878.8	98
8880.2	97
8881.6	96
8883	95
8884.4	94
8885.8	93
8887.2	92
8888.6	91
8890	90
8891.4	89
8892.8	88
8894.2	87
8895.6	86
8897	85
8898.4	84
8899.8	83
8901.2	82
8902.6	81
8904	80
8905.4	79
8906.8	78
8908.2	77
8909.6	76
8911	75
8912.4	74
8913.8	73
8915.2	72
8916.6	71
8918	70
8919.4	69
8920.8	68
8922.2	67
8923.6	66
8925	65
8926.4	64
8927.8	63
8929.2	62
8930.6	61
8932	60
8933.4	59
8934.8	58
8936.2	57
8937.6	56
8939	55
8940.4	54
8941.8	53
8943.2	52
8944.6	51
8946	50
8947.4	49
8948.8	48
8950.2	47
8951.6	46
8953	45
8954.4	44
8955.8	43
8957.2	42
8958.6	41
8960	40
8961.4	39
8962.8	38
8964.2	37
8965.6	36